bricks,hinges,modules,size,proportion2d,proportionNiels,single_neighbour_brick_ratio,single_neighbour_ratio,double_neighbour_brick_and_active_hinge_ratio,maxrel_llimbs,meanrel_llimbs,stdrel_llimbs,nlimbs,joints,joint_brick_ratio,symmetry_incl1,symmetry_incl2,symmetry_incl3,symmetry_incl4,symmetry_excl1,symmetry_excl2,symmetry_excl3,symmetry_excl4,coverage,branching,surface_area,id_string,experiment_id,generation_index,individual_index
1,18,20,1.0,1.0,0.0607737125462764,0.0,1.0,0.6666666666666666,0.3157894736842105,0.21052631578947367,0.18856180831641264,4,0.0,0.9473684210526316,0.72,0.64,0.8888888888888888,0.5555555555555556,0.8,0.72,0.8888888888888888,0.6666666666666666,0.2,1.0,0.325,20|1034-C40-1038-A01-1078-A01-1082-A-1122-A01-1166-A01-1210-A-814-A-858-A01-862-A-902-A01-906-A01-946-C40-950-A01-986-A-987-A01-988-A01-989-C40-991-C40-992-A01-993-A01-994-B011121-995-A-,10,20,55901
0,19,20,1.0,0.9230769230769231,0.05263157894736842,0.0,1.0,0.8333333333333334,0.2631578947368421,0.25,0.06666666666666667,4,0.0,1.0,0.96,0.96,1.0,0.9333333333333333,0.96,0.96,1.0,0.9333333333333333,0.1282051282051282,1.0,0.2154696132596685,20|1034-C40-1078-A01-1122-A01-1166-A01-1210-A01-1254-A-726-A-770-A01-814-A01-858-A01-902-A01-946-C40-985-A-986-A01-987-A01-988-A01-989-C40-991-C40-992-A01-993-A01-994-A01-995-A01-996-A-,10,20,55902
4,15,20,1.0,1.0,0.0607737125462764,0.75,0.4166666666666667,0.7222222222222222,0.2631578947368421,0.23684210526315788,0.0769800358919501,4,0.0,0.7894736842105263,0.8,0.8,0.875,0.75,0.96,0.88,0.875,0.875,0.1388888888888889,0.2,0.23214285714285715,20|1034-C40-1078-A01-1122-A01-1166-A00-1209-A-1210-B0121-1254-A-770-B-814-A00-858-A01-902-A01-946-C40-985-B-986-A00-987-A01-988-A01-989-C40-991-C40-992-A01-993-A01-994-A01-995-A01-996-B-,10,20,55903
7,12,20,1.0,0.9090909090909091,0.05263157894736842,0.6666666666666666,0.35714285714285715,0.7222222222222222,0.3157894736842105,0.23684210526315788,0.17213259316477408,4,0.0,0.631578947368421,0.88,0.8,0.7777777777777778,0.8235294117647058,0.88,0.8,0.7777777777777778,0.8235294117647058,0.18181818181818182,0.16666666666666666,0.29770992366412213,20|1034-C40-1078-A01-1122-A01-1166-A00-1209-B-1210-B1020-1211-B00-1212-B-770-B-814-A00-858-A01-902-A01-946-C40-951-B-986-A-987-A01-988-A01-989-C40-991-C40-992-A01-993-A01-994-A00-995-B10-,10,20,55904
2,17,20,1.0,0.8181818181818182,0.10526315789473684,0.0,0.75,0.6666666666666666,0.42105263157894735,0.2236842105263158,0.33333333333333337,4,0.0,0.8947368421052632,0.64,0.64,0.5263157894736842,0.7777777777777778,0.72,0.72,0.631578947368421,0.7777777777777778,0.20202020202020202,0.6666666666666666,0.3277310924369748,20|1034-C40-1078-A01-1122-A01-1163-B21-1164-A00-1165-A01-1166-B011121-1167-A-1207-A01-1210-A-1251-A-814-A-858-A01-902-A01-946-C40-986-A-987-A01-988-A01-989-C40-991-C40-992-A00-993-A01-994-A-,10,20,55905
6,13,20,1.0,1.0,0.0607737125462764,0.4,0.2857142857142857,0.8333333333333334,0.3157894736842105,0.25,0.2,4,0.2222222222222222,0.6842105263157895,0.64,0.64,0.5263157894736842,0.7777777777777778,0.72,0.72,0.631578947368421,0.7777777777777778,0.2,0.16666666666666666,0.325,20|1030-A-1034-C40-1038-A01-1078-A01-1082-B21-1083-A-1122-A01-1166-A00-1208-B-1209-A01-1210-B21-814-B-858-A00-902-A00-946-C40-986-B21-987-A00-988-A00-989-C40-991-C40-992-A01-993-A01-994-B21-,10,20,55906
4,15,20,1.0,0.9090909090909091,0.05263157894736842,0.75,0.5,0.6666666666666666,0.3157894736842105,0.2236842105263158,0.16777409856157222,4,0.0,0.7894736842105263,0.72,0.64,0.5555555555555556,0.8235294117647058,0.8,0.8,0.7777777777777778,0.8235294117647058,0.18181818181818182,0.4,0.29770992366412213,20|1034-C40-1078-A01-1122-A01-1163-B-1164-A00-1165-A01-1166-B011121-1167-A-1210-A-770-B-814-A00-858-A01-902-A01-946-C40-985-B-986-A00-987-A01-988-A01-989-C40-991-C40-992-A01-993-A01-994-A-,10,20,55907
0,19,20,1.0,0.9230769230769231,0.05263157894736842,0.0,1.0,0.8333333333333334,0.2631578947368421,0.25,0.06666666666666667,4,0.0,1.0,0.96,0.96,1.0,0.9333333333333333,0.96,0.96,1.0,0.9333333333333333,0.1282051282051282,1.0,0.2154696132596685,20|1034-C41-1078-A01-1122-A01-1166-A01-1210-A01-1254-A-726-A-770-A01-814-A01-858-A01-902-A01-946-C41-985-A-986-A01-987-A01-988-A01-989-C41-991-C41-992-A01-993-A01-994-A01-995-A01-996-A-,10,20,55908
5,14,20,1.0,0.9090909090909091,0.15789473684210528,0.5,0.35714285714285715,0.7222222222222222,0.3157894736842105,0.23684210526315788,0.17213259316477408,4,0.1111111111111111,0.7368421052631579,0.64,0.48,0.5555555555555556,0.47058823529411764,0.8,0.64,0.6666666666666666,0.5882352941176471,0.18181818181818182,0.16666666666666666,0.29770992366412213,20|1034-C40-1078-A01-1122-A01-1166-A00-1208-A-1209-A01-1210-B0121-1254-A-814-B20-815-B-858-A01-902-A01-943-B-946-C40-987-B20-988-A01-989-C41-991-C40-992-A01-993-A01-994-A01-995-A01-996-A-,10,20,55909
1,8,10,0.5,0.875,0.1111111111111111,1.0,0.6666666666666666,0.625,0.3333333333333333,0.25,0.19999999999999996,4,0.0,0.8888888888888888,0.9333333333333333,0.9333333333333333,0.9090909090909091,1.0,0.9333333333333333,0.9333333333333333,0.9090909090909091,1.0,0.17857142857142858,0.5,0.38028169014084506,10|228-A-252-A01-276-C40-297-A-298-A01-299-C40-301-C40-302-A01-303-A-324-C40-348-A01-372-A01-396-B-,10,20,55910
1,18,20,1.0,0.9230769230769231,0.10078180081645664,1.0,0.6666666666666666,0.8333333333333334,0.3157894736842105,0.25,0.12765694770084507,4,0.0,0.9473684210526316,0.88,0.8,0.875,0.8,0.96,0.88,0.875,0.9333333333333333,0.1282051282051282,0.5,0.2154696132596685,20|1034-C40-1078-A01-1122-A01-1166-A01-1210-A01-1254-A01-1298-A-770-A-814-A01-858-A01-902-A01-946-C40-985-B-986-A00-987-A01-988-A01-989-C40-991-C40-992-A01-993-A01-994-A01-995-A01-996-A-,10,20,55911
0,19,20,1.0,0.9230769230769231,0.10078180081645664,0.0,1.0,0.8333333333333334,0.3157894736842105,0.25,0.12765694770084507,4,0.0,1.0,0.96,0.88,0.875,0.9333333333333333,0.96,0.88,0.875,0.9333333333333333,0.1282051282051282,1.0,0.2154696132596685,20|1034-C40-1078-A01-1122-A01-1166-A01-1210-A01-1254-A01-1298-A-770-A-814-A01-858-A01-902-A01-946-C40-985-A-986-A01-987-A01-988-A01-989-C40-991-C40-992-A01-993-A01-994-A01-995-A01-996-A-,10,20,55912
0,19,20,1.0,0.9230769230769231,0.10078180081645664,0.0,1.0,0.8333333333333334,0.3157894736842105,0.25,0.12765694770084507,4,0.0,1.0,0.88,0.96,0.9333333333333333,0.875,0.88,0.96,0.9333333333333333,0.875,0.1282051282051282,1.0,0.2154696132596685,20|1034-C40-1078-A01-1122-A01-1166-A01-1210-A-726-A-770-A01-814-A01-858-A01-902-A01-946-C40-985-A-986-A01-987-A01-988-A01-989-C40-991-C40-992-A01-993-A01-994-A01-995-A01-996-A01-997-A-,10,20,55913
0,19,20,1.0,0.9230769230769231,0.10078180081645664,0.0,1.0,0.8333333333333334,0.3157894736842105,0.25,0.12765694770084507,4,0.0,1.0,0.96,0.88,0.875,0.9333333333333333,0.96,0.88,0.875,0.9333333333333333,0.1282051282051282,1.0,0.2154696132596685,20|1034-C40-1078-A00-1122-A01-1166-A01-1210-A01-1254-A01-1298-A-770-A-814-A01-858-A01-902-A01-946-C40-985-A-986-A01-987-A01-988-A01-989-C40-991-C40-992-A01-993-A01-994-A01-995-A01-996-A-,10,20,55914
3,16,20,1.0,1.0,0.08594700851870801,0.3333333333333333,0.5,0.7222222222222222,0.3157894736842105,0.23684210526315788,0.17213259316477408,4,0.0,0.8421052631578947,0.8,0.8,0.7058823529411765,0.8235294117647058,0.8,0.8,0.7058823529411765,0.8235294117647058,0.1652892561983471,0.25,0.2727272727272727,20|1034-C40-1039-A-1078-A01-1122-A01-1166-A00-1208-A-1209-A01-1210-B0121-1254-A-814-A-858-A01-902-A01-946-C40-985-B-986-A00-987-A01-988-A01-989-C40-991-C40-992-A01-993-A01-994-A00-995-B21-,10,20,55915
0,19,20,1.0,0.9230769230769231,0.05263157894736842,0.0,1.0,0.8333333333333334,0.2631578947368421,0.25,0.06666666666666667,4,0.0,1.0,0.96,0.96,1.0,0.9333333333333333,0.96,0.96,1.0,0.9333333333333333,0.1282051282051282,1.0,0.2154696132596685,20|1034-C40-1078-A01-1122-A01-1166-A01-1210-A01-1254-A-726-A-770-A01-814-A01-858-A01-902-A01-946-C40-985-A-986-A01-987-A01-988-A01-989-C40-991-C40-992-A01-993-A01-994-A01-995-A01-996-A-,10,20,55916
1,18,20,1.0,0.7857142857142857,0.17977106606946666,1.0,0.6666666666666666,0.8333333333333334,0.3684210526315789,0.25,0.2277100170213244,4,0.0,0.9473684210526316,0.8,0.8,0.8571428571428571,0.8235294117647058,0.8,0.88,0.8571428571428571,0.8235294117647058,0.12987012987012986,0.5,0.21787709497206703,20|1034-C40-1078-A01-1122-A01-1166-A-726-B-770-A01-814-A01-858-A01-902-A01-946-C40-985-A-986-A01-987-A01-988-A01-989-C40-991-C40-992-A01-993-A01-994-A01-995-A01-996-A01-997-A01-998-A-,10,20,55917
3,16,20,1.0,1.0,0.0607737125462764,0.6666666666666666,0.4,0.8333333333333334,0.3157894736842105,0.25,0.12765694770084507,4,0.0,0.8421052631578947,0.96,0.88,0.875,0.875,0.96,0.88,0.875,0.875,0.1388888888888889,0.25,0.23214285714285715,20|1034-C40-1078-A01-1122-A01-1166-A01-1210-A01-1254-B20-1255-B-770-A-814-A01-858-A01-902-A01-946-C40-985-A-986-A01-987-A01-988-A01-989-C40-991-C40-992-A01-993-A01-994-A01-995-A01-996-B-,10,20,55918
1,18,20,1.0,1.0,0.13589415249850587,0.0,0.6666666666666666,0.8333333333333334,0.3157894736842105,0.25,0.12765694770084507,4,0.0,0.9473684210526316,0.72,0.8,0.875,0.625,0.8,0.88,0.875,0.75,0.1388888888888889,0.5,0.23214285714285715,20|1034-C40-1078-A01-1122-A01-1166-A01-1210-A-726-A-770-A01-814-A01-858-A01-902-A01-942-A-946-C40-986-B21-987-A01-988-A01-989-C40-991-C40-992-A01-993-A01-994-A01-995-A01-996-A01-997-A-,10,20,55919
8,11,20,1.0,0.7272727272727273,0.17977106606946666,0.8333333333333334,0.6428571428571429,0.3888888888888889,0.3157894736842105,0.18421052631578946,0.27755546659548436,4,0.1111111111111111,0.5789473684210527,0.56,0.48,0.5882352941176471,0.4,0.64,0.56,0.7058823529411765,0.6,0.22727272727272727,0.5,0.3644859813084112,20|1031-A-1034-C40-1038-B-1039-A01-1078-A01-1083-A-1122-A01-1166-A00-1210-B-902-A-946-C40-950-B-951-B-986-A-987-B0121-988-A00-989-C40-991-C40-992-A01-993-A01-994-B001020-995-B001021-996-B-,10,20,55920
0,19,20,1.0,0.9230769230769231,0.10078180081645664,0.0,1.0,0.8333333333333334,0.3157894736842105,0.25,0.12765694770084507,4,0.0,1.0,0.96,0.88,0.875,0.9333333333333333,0.96,0.88,0.875,0.9333333333333333,0.1282051282051282,1.0,0.2154696132596685,20|1034-C40-1078-A01-1122-A01-1166-A01-1210-A01-1254-A01-1298-A-770-A-814-A01-858-A01-902-A01-946-C40-985-A-986-A01-987-A01-988-A01-989-C40-991-C40-992-A01-993-A01-994-A01-995-A01-996-A-,10,20,55921
0,19,20,1.0,0.9230769230769231,0.10078180081645664,0.0,1.0,0.8333333333333334,0.3157894736842105,0.25,0.12765694770084507,4,0.0,1.0,0.96,0.88,0.875,0.9333333333333333,0.96,0.88,0.875,0.9333333333333333,0.1282051282051282,1.0,0.2154696132596685,20|1034-C40-1078-A01-1122-A01-1166-A01-1210-A01-1254-A01-1298-A-770-A-814-A01-858-A01-902-A01-946-C40-985-A-986-A01-987-A01-988-A01-989-C40-991-C40-992-A01-993-A01-994-A01-995-A01-996-A-,10,20,55922
0,19,20,1.0,0.9230769230769231,0.10078180081645664,0.0,1.0,0.8333333333333334,0.3157894736842105,0.25,0.12765694770084507,4,0.0,1.0,0.96,0.88,0.875,0.9333333333333333,0.96,0.88,0.875,0.9333333333333333,0.1282051282051282,1.0,0.2154696132596685,20|1034-C40-1078-A01-1122-A01-1166-A01-1210-A01-1254-A01-1298-A-770-A-814-A01-858-A01-902-A01-946-C40-985-A-986-A01-987-A01-988-A01-989-C40-991-C40-992-A01-993-A01-994-A01-995-A01-996-A-,10,20,55923
0,19,20,1.0,0.9230769230769231,0.10078180081645664,0.0,1.0,0.8333333333333334,0.3157894736842105,0.25,0.12765694770084507,4,0.0,1.0,0.96,0.88,0.875,0.9333333333333333,0.96,0.88,0.875,0.9333333333333333,0.1282051282051282,1.0,0.2154696132596685,20|1034-C40-1078-A01-1122-A01-1166-A01-1210-A01-1254-A01-1298-A-770-A-814-A01-858-A01-902-A01-946-C40-985-A-986-A01-987-A01-988-A01-989-C40-991-C40-992-A01-993-A01-994-A01-995-A01-996-A-,10,20,55924
0,9,10,0.5,0.875,0.1111111111111111,0.0,1.0,0.625,0.3333333333333333,0.25,0.19999999999999996,4,0.0,1.0,0.9333333333333333,0.9333333333333333,1.0,0.9090909090909091,0.9333333333333333,0.9333333333333333,1.0,0.9090909090909091,0.17857142857142858,1.0,0.38028169014084506,10|228-A-252-A01-276-C40-297-A-298-A01-299-C40-301-C40-302-A01-303-A01-304-A-324-C40-348-A01-372-A-,10,20,55925
0,19,20,1.0,0.9230769230769231,0.10078180081645664,0.0,1.0,0.8333333333333334,0.3157894736842105,0.25,0.12765694770084507,4,0.0,1.0,0.96,0.88,0.875,0.9333333333333333,0.96,0.88,0.875,0.9333333333333333,0.1282051282051282,1.0,0.2154696132596685,20|1034-C40-1078-A01-1122-A01-1166-A01-1210-A01-1254-A01-1298-A-770-A-814-A01-858-A01-902-A01-946-C40-985-A-986-A01-987-A01-988-A01-989-C40-991-C40-992-A01-993-A01-994-A01-995-A01-996-A-,10,20,55926
8,11,20,1.0,1.0,0.0607737125462764,0.8333333333333334,0.5,0.5555555555555556,0.2631578947368421,0.19736842105263158,0.12765694770084507,4,0.0,0.5789473684210527,0.72,0.64,0.7777777777777778,0.5555555555555556,0.8,0.72,0.7777777777777778,0.6666666666666666,0.2,0.3333333333333333,0.325,20|1034-C40-1037-B-1038-B0020-1078-A01-1082-B-1122-A01-1166-A00-1210-B-814-A-858-A01-902-A01-946-C40-950-B20-951-B-986-A-987-A01-988-A01-989-C41-991-C40-992-A01-993-A01-994-B001020-995-B-,10,20,55927
0,19,20,1.0,0.9230769230769231,0.10078180081645664,0.0,1.0,0.8333333333333334,0.3157894736842105,0.25,0.12765694770084507,4,0.0,1.0,0.96,0.88,0.875,0.9333333333333333,0.96,0.88,0.875,0.9333333333333333,0.1282051282051282,1.0,0.2154696132596685,20|1034-C40-1078-A01-1122-A01-1166-A01-1210-A01-1254-A01-1298-A-770-A-814-A01-858-A01-902-A01-946-C40-985-A-986-A01-987-A01-988-A01-989-C40-991-C40-992-A01-993-A01-994-A01-995-A01-996-A-,10,20,55928
4,15,20,1.0,0.9166666666666666,0.10078180081645664,0.75,0.4166666666666667,0.7222222222222222,0.3157894736842105,0.23684210526315788,0.17213259316477408,4,0.0,0.7894736842105263,0.88,0.8,0.8235294117647058,0.875,0.88,0.8,0.8235294117647058,0.875,0.15151515151515152,0.2,0.25161290322580643,20|1034-C40-1078-A01-1122-A01-1166-A01-1210-A01-1253-B-1254-B1020-1255-B-770-A-814-A01-858-A01-902-A01-946-C40-986-A-987-A01-988-A01-989-C40-991-C40-992-A01-993-A01-994-A01-995-A01-996-B-,10,20,55929
1,18,20,1.0,0.9230769230769231,0.10078180081645664,1.0,0.6666666666666666,0.8333333333333334,0.3157894736842105,0.25,0.12765694770084507,4,0.0,0.9473684210526316,0.96,0.88,0.875,0.9333333333333333,0.96,0.88,0.875,0.9333333333333333,0.1282051282051282,0.5,0.2154696132596685,20|1034-C40-1078-A01-1122-A01-1166-A01-1210-A01-1254-A00-1298-B-770-A-814-A01-858-A01-902-A01-946-C40-985-A-986-A01-987-A01-988-A01-989-C40-991-C40-992-A01-993-A01-994-A01-995-A01-996-A-,10,20,55930
0,19,20,1.0,0.9230769230769231,0.10078180081645664,0.0,1.0,0.8333333333333334,0.3157894736842105,0.25,0.12765694770084507,4,0.0,1.0,0.96,0.88,0.875,0.9333333333333333,0.96,0.88,0.875,0.9333333333333333,0.1282051282051282,1.0,0.2154696132596685,20|1034-C40-1078-A01-1122-A01-1166-A01-1210-A01-1254-A01-1298-A-770-A-814-A01-858-A01-902-A01-946-C40-985-A-986-A01-987-A01-988-A01-989-C40-991-C40-992-A01-993-A01-994-A01-995-A01-996-A-,10,20,55931
0,19,20,1.0,0.9230769230769231,0.10078180081645664,0.0,1.0,0.8333333333333334,0.3157894736842105,0.25,0.12765694770084507,4,0.0,1.0,0.96,0.88,0.875,0.9333333333333333,0.96,0.88,0.875,0.9333333333333333,0.1282051282051282,1.0,0.2154696132596685,20|1034-C40-1078-A01-1122-A01-1166-A01-1210-A01-1254-A01-1298-A-770-A-814-A01-858-A01-902-A01-946-C40-985-A-986-A01-987-A01-988-A01-989-C40-991-C40-992-A01-993-A01-994-A01-995-A01-996-A-,10,20,55932
4,15,20,1.0,1.0,0.17189401703741602,0.5,0.4166666666666667,0.7222222222222222,0.3157894736842105,0.23684210526315788,0.17213259316477408,4,0.2222222222222222,0.7894736842105263,0.56,0.64,0.7058823529411765,0.47058823529411764,0.72,0.72,0.8235294117647058,0.5882352941176471,0.1652892561983471,0.2,0.2727272727272727,20|1031-B-1034-C40-1078-A01-1122-A01-1164-B-1165-A01-1166-B0121-1210-A-770-A-814-A01-858-A01-902-A01-946-C40-987-B20-988-A00-989-C40-991-C40-992-A01-993-A01-994-A01-995-A01-996-A01-997-A-,10,20,55933
3,16,20,1.0,0.8461538461538461,0.13589415249850587,0.6666666666666666,0.5,0.7222222222222222,0.3157894736842105,0.23684210526315788,0.17213259316477408,4,0.0,0.8421052631578947,0.88,0.72,0.8,0.7058823529411765,0.88,0.8,0.8,0.8235294117647058,0.13986013986013987,0.25,0.23353293413173654,20|1034-C40-1078-A01-1122-A01-1166-A01-1210-A01-1254-B-814-A-858-A01-902-A01-946-C40-952-A-985-B-986-A00-987-A01-988-A01-989-C40-991-C40-992-A01-993-A01-994-A01-995-A01-996-B0121-997-A-,10,20,55934
0,19,20,1.0,0.9230769230769231,0.10078180081645664,0.0,1.0,0.8333333333333334,0.3157894736842105,0.25,0.12765694770084507,4,0.0,1.0,0.96,0.88,0.9333333333333333,0.875,0.96,0.88,0.9333333333333333,0.875,0.1282051282051282,1.0,0.2154696132596685,20|1034-C40-1078-A01-1122-A01-1166-A01-1210-A01-1254-A-770-A-814-A01-858-A01-902-A01-946-C40-985-A-986-A01-987-A01-988-A01-989-C40-991-C40-992-A01-993-A01-994-A01-995-A01-996-A01-997-A-,10,20,55935
0,19,20,1.0,0.25,0.7894736842105263,0.0,1.0,0.8333333333333334,0.8421052631578947,0.25,1.0,4,0.0,1.0,0.4,0.4,1.0,0.34782608695652173,0.4,0.4,1.0,0.34782608695652173,0.2,1.0,0.312,20|1000-A01-1001-A00-1002-A01-1003-A00-1004-A01-1005-A00-1006-A01-1007-A-1034-C40-1078-A-902-A-946-C40-988-A-989-C40-991-C40-992-A00-993-A00-994-A01-995-A00-996-A01-997-A00-998-A01-999-A00-,10,20,55936
2,17,20,1.0,1.0,0.13589415249850587,0.5,0.625,0.7222222222222222,0.3157894736842105,0.23684210526315788,0.17213259316477408,4,0.0,0.8947368421052632,0.64,0.88,0.75,0.625,0.8,0.88,0.875,0.75,0.1388888888888889,0.3333333333333333,0.23214285714285715,20|1034-C40-1078-A01-1122-A01-1165-A-1166-B0121-1210-A-726-A-770-A01-814-A01-858-A01-902-A01-946-C40-986-B-987-A01-988-A01-989-C40-991-C40-992-A01-993-A01-994-A01-995-A01-996-A01-997-A-,10,20,55937
0,19,20,1.0,0.7857142857142857,0.15789473684210528,0.0,1.0,0.8333333333333334,0.3684210526315789,0.25,0.2,4,0.0,1.0,0.88,0.88,0.8235294117647058,1.0,0.88,0.88,0.8235294117647058,1.0,0.12987012987012986,1.0,0.21787709497206703,20|1034-C40-1078-A01-1122-A01-1166-A00-1210-A01-1254-A01-1298-A01-1342-A-770-A-814-A01-858-A01-902-A01-946-C40-985-A-986-A01-987-A01-988-A01-989-C40-991-C40-992-A01-993-A01-994-A01-995-A-,10,20,55938
3,16,20,1.0,1.0,0.13589415249850587,0.6666666666666666,0.5,0.7222222222222222,0.3157894736842105,0.23684210526315788,0.17213259316477408,4,0.1111111111111111,0.8421052631578947,0.72,0.64,0.5,0.875,0.88,0.8,0.75,0.875,0.1388888888888889,0.25,0.23214285714285715,20|1034-C40-1078-A01-1122-A01-1166-A01-1210-A01-1254-A01-1298-A-814-B-857-B-858-B0020-902-A00-946-C40-985-A-986-A01-987-A01-988-A00-989-C40-991-C40-992-A01-993-A01-994-A01-995-A01-996-A-,10,20,55939
3,16,20,1.0,0.75,0.15789473684210528,0.3333333333333333,0.5,0.7222222222222222,0.3157894736842105,0.23684210526315788,0.17213259316477408,4,0.0,0.8421052631578947,0.56,0.56,0.75,0.631578947368421,0.72,0.72,0.875,0.7368421052631579,0.18518518518518517,0.25,0.3023255813953488,20|1034-C40-1078-A01-1122-A01-1164-A-1165-A01-1166-B1021-1167-B-814-B21-815-A-858-A01-902-A01-946-C40-986-A-987-A01-988-A01-989-C41-991-C40-992-A01-993-A01-994-A01-995-A01-996-A01-997-A-,10,20,55940
1,18,20,1.0,1.0,0.13589415249850587,0.0,0.8333333333333334,0.7222222222222222,0.3157894736842105,0.23684210526315788,0.17213259316477408,4,0.1111111111111111,0.9473684210526316,0.72,0.8,0.875,0.625,0.8,0.88,0.875,0.75,0.1388888888888889,0.5,0.23214285714285715,20|1031-A-1034-C40-1078-A01-1122-A01-1166-A01-1210-A-726-A-770-A01-814-A01-858-A01-902-A01-946-C40-986-A-987-B0121-988-A00-989-C40-991-C40-992-A01-993-A01-994-A01-995-A01-996-A01-997-A-,10,20,55941
5,14,20,1.0,0.9090909090909091,0.05263157894736842,0.75,0.5,0.5555555555555556,0.2631578947368421,0.21052631578947367,0.10886621079036347,4,0.1111111111111111,0.7368421052631579,0.56,0.56,0.7777777777777778,0.4444444444444444,0.72,0.8,0.7777777777777778,0.6666666666666666,0.18181818181818182,0.3333333333333333,0.29770992366412213,20|1031-B-1034-C40-1078-A01-1122-A01-1166-A-770-B-814-A00-858-A01-899-A-902-A01-941-A-942-A01-943-B0121-946-C40-986-B-987-B001020-988-A00-989-C40-991-C40-992-A01-993-A01-994-A01-995-A-,10,20,55942
0,19,20,1.0,0.9230769230769231,0.10078180081645664,0.0,1.0,0.8333333333333334,0.3157894736842105,0.25,0.12765694770084507,4,0.0,1.0,0.96,0.88,0.875,0.9333333333333333,0.96,0.88,0.875,0.9333333333333333,0.1282051282051282,1.0,0.2154696132596685,20|1034-C40-1078-A01-1122-A01-1166-A01-1210-A01-1254-A01-1298-A-770-A-814-A01-858-A01-902-A01-946-C40-985-A-986-A01-987-A01-988-A01-989-C40-991-C40-992-A01-993-A01-994-A01-995-A01-996-A-,10,20,55943
0,19,20,1.0,0.9230769230769231,0.10078180081645664,0.0,1.0,0.8333333333333334,0.3157894736842105,0.25,0.12765694770084507,4,0.0,1.0,0.96,0.88,0.875,0.9333333333333333,0.96,0.88,0.875,0.9333333333333333,0.1282051282051282,1.0,0.2154696132596685,20|1034-C40-1078-A01-1122-A01-1166-A01-1210-A01-1254-A01-1298-A-770-A-814-A01-858-A01-902-A01-946-C40-985-A-986-A01-987-A01-988-A01-989-C40-991-C40-992-A01-993-A01-994-A01-995-A01-996-A-,10,20,55944
0,19,20,1.0,0.9230769230769231,0.10078180081645664,0.0,1.0,0.8333333333333334,0.3157894736842105,0.25,0.12765694770084507,4,0.0,1.0,0.96,0.88,0.875,0.9333333333333333,0.96,0.88,0.875,0.9333333333333333,0.1282051282051282,1.0,0.2154696132596685,20|1034-C40-1078-A01-1122-A01-1166-A01-1210-A01-1254-A01-1298-A-770-A-814-A01-858-A01-902-A01-946-C40-985-A-986-A01-987-A01-988-A01-989-C40-991-C40-992-A01-993-A01-994-A01-995-A01-996-A-,10,20,55945
5,14,20,1.0,0.7272727272727273,0.1324532357065044,0.5,0.5714285714285714,0.5,0.3157894736842105,0.18421052631578946,0.2309401076758503,4,0.0,0.7368421052631579,0.56,0.64,0.8235294117647058,0.5,0.64,0.64,0.8235294117647058,0.6,0.22727272727272727,0.5,0.3644859813084112,20|1034-C40-1038-B00-1039-A01-1078-A01-1082-B-1083-A-1122-A01-1166-A-858-A-902-A01-946-C40-950-B-951-A-986-A-987-A01-988-A01-989-C40-991-C40-992-A01-993-A01-994-B001020-995-B011121-996-A-,10,20,55946
0,19,20,1.0,0.9230769230769231,0.05263157894736842,0.0,1.0,0.8333333333333334,0.2631578947368421,0.25,0.06666666666666667,4,0.0,1.0,0.96,0.96,1.0,0.9333333333333333,0.96,0.96,1.0,0.9333333333333333,0.1282051282051282,1.0,0.2154696132596685,20|1034-C40-1078-A01-1122-A01-1166-A01-1210-A01-1254-A-726-A-770-A01-814-A01-858-A01-902-A01-946-C40-985-A-986-A01-987-A01-988-A01-989-C40-991-C40-992-A01-993-A01-994-A01-995-A01-996-A-,10,20,55947
12,7,20,1.0,0.8888888888888888,0.10078180081645664,0.7777777777777778,0.7142857142857143,0.3333333333333333,0.21052631578947367,0.15789473684210525,0.1539600717839002,4,0.2222222222222222,0.368421052631579,0.88,0.4,0.5,0.631578947368421,0.88,0.56,0.6,0.7368421052631579,0.2777777777777778,0.6666666666666666,0.43820224719101125,20|1034-C40-1037-B-1078-A00-1079-A-1121-B-1122-B001020-1123-B21-1165-B-1166-B001020-1167-B-1210-B-858-A-902-A01-946-C40-949-B-950-B-987-A-988-A01-989-C40-991-C40-992-A00-993-B001020-994-B20-,10,20,55948
5,14,20,1.0,1.0,0.08594700851870801,0.5,0.5714285714285714,0.5,0.2631578947368421,0.18421052631578946,0.17213259316477408,4,0.4444444444444444,0.7368421052631579,0.8,0.5833333333333334,0.631578947368421,0.631578947368421,0.8,0.6666666666666666,0.7368421052631579,0.631578947368421,0.24691358024691357,0.5,0.3939393939393939,20|1034-C40-1037-A-1078-A00-1121-A-1122-B011121-1123-A01-1124-A-1166-A-814-B-858-B00-861-A-902-A00-905-A01-946-C40-949-A01-987-B-988-A00-989-C40-991-C40-992-A00-993-B011121-994-A01-995-A-,10,20,55949
2,17,20,1.0,0.9230769230769231,0.15789473684210528,1.0,0.5,0.8333333333333334,0.3157894736842105,0.25,0.2,4,0.0,0.8947368421052632,0.8,0.72,0.6666666666666666,0.875,0.96,0.8,0.8,0.875,0.1282051282051282,0.3333333333333333,0.2154696132596685,20|1034-C40-1078-A01-1122-A01-1166-A01-1210-A01-1254-A00-1298-B-814-B-858-A01-902-A01-946-C40-985-A-986-A01-987-A01-988-A01-989-C40-991-C40-992-A01-993-A01-994-A01-995-A01-996-A01-997-A-,10,20,55950
2,17,20,1.0,0.9230769230769231,0.10078180081645664,1.0,0.5,0.8333333333333334,0.3157894736842105,0.25,0.12765694770084507,4,0.0,0.8947368421052632,0.72,0.96,0.8,0.75,0.88,0.96,0.9333333333333333,0.875,0.1282051282051282,0.3333333333333333,0.2154696132596685,20|1034-C40-1078-A01-1122-A01-1166-A00-1210-B-726-A-770-A01-814-A01-858-A01-902-A01-946-C40-985-B-986-A00-987-A01-988-A01-989-C40-991-C40-992-A01-993-A01-994-A01-995-A01-996-A01-997-A-,10,20,55951
9,10,20,1.0,0.8181818181818182,0.13589415249850587,0.7142857142857143,0.5714285714285714,0.4444444444444444,0.2631578947368421,0.18421052631578946,0.17213259316477408,4,0.0,0.5263157894736842,0.8,0.56,0.5263157894736842,0.7058823529411765,0.8,0.64,0.631578947368421,0.7058823529411765,0.20202020202020202,0.3333333333333333,0.3277310924369748,20|1034-C40-1078-A01-1122-A01-1165-B-1166-B001020-1167-B00-1168-B-1209-A-1210-B0021-1254-B-814-A-858-A01-902-A01-946-C40-950-B-987-A-988-A01-989-C40-991-C40-992-A01-993-A01-994-B0010-995-B-,10,20,55952
9,10,20,1.0,0.9,0.10078180081645664,0.8571428571428571,0.5714285714285714,0.4444444444444444,0.2631578947368421,0.18421052631578946,0.17213259316477408,4,0.3333333333333333,0.5263157894736842,0.4,0.4166666666666667,0.7368421052631579,0.5555555555555556,0.64,0.75,0.7368421052631579,0.5555555555555556,0.2222222222222222,0.3333333333333333,0.3577981651376147,20|1034-C40-1037-A-1078-A01-1122-A01-1166-B-770-B-814-B0020-815-B-858-A01-861-B-902-A01-905-B0020-906-B-946-C40-949-A01-987-B-988-A00-989-C40-991-C40-992-A00-993-B011121-994-A01-995-A-,10,20,55953
0,19,20,1.0,0.7857142857142857,0.17977106606946666,0.0,1.0,0.8333333333333334,0.3684210526315789,0.25,0.2277100170213244,4,0.0,1.0,0.88,0.8,0.8571428571428571,0.8235294117647058,0.88,0.8,0.8571428571428571,0.8235294117647058,0.12987012987012986,1.0,0.21787709497206703,20|1034-C40-1078-A01-1122-A01-1166-A01-1210-A01-1254-A-814-A-858-A01-902-A01-946-C40-985-A-986-A01-987-A01-988-A01-989-C40-991-C40-992-A01-993-A01-994-A01-995-A01-996-A01-997-A01-998-A-,10,20,55954
0,19,20,1.0,0.9230769230769231,0.10078180081645664,0.0,1.0,0.8333333333333334,0.3157894736842105,0.25,0.12765694770084507,4,0.0,1.0,0.96,0.88,0.875,0.9333333333333333,0.96,0.88,0.875,0.9333333333333333,0.1282051282051282,1.0,0.2154696132596685,20|1034-C40-1078-A01-1122-A01-1166-A01-1210-A01-1254-A01-1298-A-770-A-814-A01-858-A01-902-A01-946-C40-985-A-986-A01-987-A01-988-A01-989-C40-991-C40-992-A01-993-A01-994-A01-995-A01-996-A-,10,20,55955
0,19,20,1.0,0.9230769230769231,0.10078180081645664,0.0,1.0,0.8333333333333334,0.3157894736842105,0.25,0.12765694770084507,4,0.0,1.0,0.96,0.88,0.9333333333333333,0.875,0.96,0.88,0.9333333333333333,0.875,0.1282051282051282,1.0,0.2154696132596685,20|1034-C40-1078-A01-1122-A01-1166-A00-1210-A01-1254-A-770-A-814-A01-858-A01-902-A01-946-C40-985-A-986-A01-987-A01-988-A01-989-C40-991-C40-992-A01-993-A01-994-A01-995-A00-996-A01-997-A-,10,20,55956
0,4,5,0.25,1.0,0.0,0.0,1.0,0.0,0.25,0.25,0.0,4,0.0,1.0,1.0,1.0,1.0,1.0,1.0,1.0,1.0,1.0,0.2,1.0,0.6,5|103-A-104-C41-106-C41-107-A-119-C41-133-A-77-A-91-C41-,10,20,55957
7,12,20,1.0,1.0,0.13589415249850587,0.6666666666666666,0.35714285714285715,0.7222222222222222,0.3157894736842105,0.23684210526315788,0.17213259316477408,4,0.1111111111111111,0.631578947368421,0.72,0.48,0.625,0.5,0.88,0.8,0.75,0.875,0.1388888888888889,0.16666666666666666,0.23214285714285715,20|1034-C40-1078-A01-1122-A01-1166-A01-1210-A01-1254-B00-1298-B-814-B-858-A00-902-A01-943-B-946-C41-985-B-986-B00-987-B0010-988-A00-989-C40-991-C40-992-A01-993-A01-994-A01-995-A01-996-A-,10,20,55958
1,18,20,1.0,0.9090909090909091,0.10078180081645664,0.0,1.0,0.6666666666666666,0.2631578947368421,0.19736842105263158,0.12765694770084507,4,0.0,0.9473684210526316,0.64,0.72,0.9411764705882353,0.5555555555555556,0.72,0.8,0.9411764705882353,0.6666666666666666,0.18181818181818182,1.0,0.29770992366412213,20|1034-C40-1038-A01-1078-A01-1082-A-1122-A01-1166-A-770-A-814-A01-858-A01-902-A01-906-A-946-C40-950-A01-986-A-987-A01-988-A01-989-C40-991-C40-992-A01-993-A01-994-B011121-995-A01-996-A-,10,20,55959
3,16,20,1.0,1.0,0.08594700851870801,0.6666666666666666,0.6,0.6666666666666666,0.2631578947368421,0.21052631578947367,0.10886621079036347,4,0.1111111111111111,0.8421052631578947,0.72,0.64,0.8235294117647058,0.5882352941176471,0.8,0.8,0.9411764705882353,0.7058823529411765,0.1652892561983471,0.5,0.2727272727272727,20|1034-C40-1038-A01-1078-A01-1082-B-1122-A01-1166-A01-1210-A-770-B-814-A00-858-A01-902-A01-946-C40-950-A-986-A-987-A01-988-A01-989-C40-991-C40-992-A01-993-A01-994-B011121-995-A01-996-A-,10,20,55960
0,19,20,1.0,0.9230769230769231,0.10078180081645664,0.0,1.0,0.8333333333333334,0.3157894736842105,0.25,0.12765694770084507,4,0.0,1.0,0.88,0.96,0.9333333333333333,0.875,0.88,0.96,0.9333333333333333,0.875,0.1282051282051282,1.0,0.2154696132596685,20|1034-C40-1078-A01-1122-A01-1166-A01-1210-A-726-A-770-A01-814-A01-858-A01-902-A01-946-C40-985-A-986-A01-987-A01-988-A01-989-C40-991-C40-992-A01-993-A01-994-A01-995-A01-996-A01-997-A-,10,20,55961
3,16,20,1.0,1.0,0.0607737125462764,0.6666666666666666,0.4,0.8333333333333334,0.3157894736842105,0.25,0.12765694770084507,4,0.0,0.8421052631578947,0.96,0.88,0.875,0.875,0.96,0.88,0.875,0.875,0.1388888888888889,0.25,0.23214285714285715,20|1034-C40-1078-A01-1122-A01-1166-A01-1210-A01-1254-B20-1255-B-770-A-814-A01-858-A01-902-A01-946-C40-985-A-986-A01-987-A01-988-A01-989-C40-991-C40-992-A01-993-A01-994-A01-995-A01-996-B-,10,20,55962
7,5,13,0.65,0.625,0.25,0.8333333333333334,0.8888888888888888,0.18181818181818182,0.4166666666666667,0.16666666666666666,0.5,4,0.0,0.4166666666666667,0.5555555555555556,0.5555555555555556,0.5,0.7692307692307693,0.5555555555555556,0.5555555555555556,0.5,0.7692307692307693,0.325,1.0,0.5849056603773585,13|405-A-435-C40-463-A-464-C40-466-C40-467-A-495-C40-525-A01-554-B-555-A01-583-B-584-B001020-585-B001020-586-B-614-B-615-B-,10,20,55963
1,18,20,1.0,0.9230769230769231,0.10078180081645664,1.0,0.6666666666666666,0.8333333333333334,0.3157894736842105,0.25,0.12765694770084507,4,0.0,0.9473684210526316,0.96,0.88,0.875,0.9333333333333333,0.96,0.88,0.875,0.9333333333333333,0.1282051282051282,0.5,0.2154696132596685,20|1034-C40-1078-A01-1122-A01-1166-A01-1210-A01-1254-A00-1298-B-770-A-814-A01-858-A01-902-A01-946-C40-985-A-986-A01-987-A01-988-A01-989-C40-991-C40-992-A01-993-A01-994-A01-995-A01-996-A-,10,20,55964
0,19,20,1.0,0.9230769230769231,0.10078180081645664,0.0,1.0,0.8333333333333334,0.3157894736842105,0.25,0.12765694770084507,4,0.0,1.0,0.96,0.88,0.9333333333333333,0.875,0.96,0.88,0.9333333333333333,0.875,0.1282051282051282,1.0,0.2154696132596685,20|1034-C40-1078-A01-1122-A01-1166-A01-1210-A01-1254-A-770-A-814-A01-858-A01-902-A01-946-C40-985-A-986-A01-987-A01-988-A01-989-C40-991-C40-992-A00-993-A01-994-A01-995-A01-996-A01-997-A-,10,20,55965
3,16,20,1.0,1.0,0.08594700851870801,0.3333333333333333,0.5,0.7222222222222222,0.3157894736842105,0.23684210526315788,0.17213259316477408,4,0.0,0.8421052631578947,0.8,0.8,0.7058823529411765,0.8235294117647058,0.8,0.8,0.7058823529411765,0.8235294117647058,0.1652892561983471,0.25,0.2727272727272727,20|1034-C40-1039-A-1078-A01-1122-A01-1166-A00-1208-A-1209-A01-1210-B0121-1254-A-814-A-858-A01-902-A01-946-C40-985-B-986-A00-987-A01-988-A01-989-C40-991-C40-992-A01-993-A01-994-A00-995-B21-,10,20,55966
0,8,9,0.45,1.0,0.0,0.0,1.0,0.5714285714285714,0.25,0.25,0.0,4,0.0,1.0,1.0,1.0,1.0,1.0,1.0,1.0,1.0,1.0,0.1836734693877551,1.0,0.4126984126984127,9|187-A-209-A00-231-C40-250-A-251-A00-252-C40-254-C40-255-A00-256-A-275-C40-297-A00-319-A-,10,20,55967
5,14,20,1.0,0.9,0.10078180081645664,0.5,0.5,0.5555555555555556,0.2631578947368421,0.19736842105263158,0.12765694770084507,4,0.3333333333333333,0.7368421052631579,0.48,0.64,0.42105263157894735,0.5555555555555556,0.64,0.72,0.631578947368421,0.7777777777777778,0.2222222222222222,0.3333333333333333,0.3577981651376147,20|1034-C41-1078-A01-1121-A-1122-B0121-1166-A-770-A-812-B-813-A01-814-B011121-815-A01-816-A-858-A00-902-A01-943-B-946-C41-987-B20-988-A01-989-C41-991-C41-992-A01-993-A01-994-A01-995-A-,10,20,55968
3,16,20,1.0,0.9090909090909091,0.17977106606946666,0.3333333333333333,0.7,0.5555555555555556,0.3157894736842105,0.21052631578947367,0.24343224778007383,4,0.0,0.8421052631578947,0.64,0.56,0.6666666666666666,0.7058823529411765,0.72,0.64,0.6666666666666666,0.7058823529411765,0.18181818181818182,0.5,0.29770992366412213,20|1034-C40-1038-A01-1078-A00-1082-A-1122-A01-1166-A01-1210-A00-1253-A-1254-B0121-1298-A-858-A-902-A00-946-C40-950-A-986-B-987-A00-988-A00-989-C40-991-C40-992-A01-993-A01-994-B011121-995-A-,10,20,55969
0,19,20,1.0,0.9230769230769231,0.10078180081645664,0.0,1.0,0.8333333333333334,0.3157894736842105,0.25,0.12765694770084507,4,0.0,1.0,0.96,0.88,0.875,0.9333333333333333,0.96,0.88,0.875,0.9333333333333333,0.1282051282051282,1.0,0.2154696132596685,20|1034-C40-1078-A01-1122-A01-1166-A01-1210-A01-1254-A01-1298-A-770-A-814-A01-858-A01-902-A01-946-C40-985-A-986-A01-987-A01-988-A01-989-C40-991-C40-992-A01-993-A01-994-A01-995-A01-996-A-,10,20,55970
0,16,17,0.85,1.0,0.0,0.0,1.0,0.8,0.25,0.25,0.0,4,0.0,1.0,1.0,1.0,1.0,1.0,1.0,1.0,1.0,1.0,0.14049586776859505,1.0,0.24475524475524477,17|551-A-589-A01-627-A01-665-A01-703-C40-736-A-737-A01-738-A01-739-A01-740-C40-742-C40-743-A01-744-A01-745-A01-746-A-779-C40-817-A01-855-A01-893-A01-931-A-,10,20,55971
6,13,20,1.0,1.0,0.08594700851870801,0.6,0.35714285714285715,0.7222222222222222,0.3157894736842105,0.23684210526315788,0.17213259316477408,4,0.0,0.6842105263157895,0.8,0.72,0.7058823529411765,0.7058823529411765,0.8,0.8,0.7058823529411765,0.8235294117647058,0.1652892561983471,0.16666666666666666,0.2727272727272727,20|1034-C40-1039-B-1078-A01-1122-A01-1165-B-1166-A00-1209-B20-1210-B0020-1254-B-814-A-858-A01-902-A01-946-C40-985-A-986-A01-987-A01-988-A01-989-C40-991-C40-992-A01-993-A01-994-A00-995-B20-,10,20,55972
0,19,20,1.0,0.9230769230769231,0.10078180081645664,0.0,1.0,0.8333333333333334,0.3157894736842105,0.25,0.12765694770084507,4,0.0,1.0,0.88,0.96,0.9333333333333333,0.875,0.88,0.96,0.9333333333333333,0.875,0.1282051282051282,1.0,0.2154696132596685,20|1034-C40-1078-A01-1122-A01-1166-A01-1210-A-726-A-770-A01-814-A01-858-A01-902-A01-946-C40-985-A-986-A01-987-A01-988-A01-989-C40-991-C40-992-A01-993-A01-994-A01-995-A01-996-A01-997-A-,10,20,55973
8,11,20,1.0,0.9,0.10078180081645664,0.6666666666666666,0.5714285714285714,0.5,0.2631578947368421,0.18421052631578946,0.17213259316477408,4,0.1111111111111111,0.5789473684210527,0.64,0.56,0.4444444444444444,0.8421052631578947,0.72,0.64,0.5555555555555556,0.8421052631578947,0.2222222222222222,0.5,0.3577981651376147,20|1034-C40-1077-A-1078-A00-1121-B11-1122-B001020-1123-B-1164-A-1165-A01-1166-B001121-1167-A-1210-B-858-A-902-A01-946-C40-986-B-987-A01-988-A01-989-C40-991-C40-992-A01-993-A01-994-B00-995-B-,10,20,55974
0,5,6,0.3,0.8333333333333334,0.19999999999999996,0.0,1.0,0.25,0.4,0.25,1.0,4,0.0,1.0,0.9090909090909091,0.9090909090909091,1.0,0.8888888888888888,0.9090909090909091,0.9090909090909091,1.0,0.8888888888888888,0.2,1.0,0.5365853658536586,6|104-A-120-C40-134-A-135-C40-137-C40-138-A01-139-A-152-C40-168-A-,10,20,55975
2,17,20,1.0,1.0,0.13589415249850587,0.5,0.625,0.7222222222222222,0.3157894736842105,0.23684210526315788,0.17213259316477408,4,0.0,0.8947368421052632,0.8,0.72,0.875,0.75,0.88,0.8,0.875,0.75,0.1388888888888889,0.3333333333333333,0.23214285714285715,20|1034-C40-1078-A01-1122-A01-1166-A00-1209-A-1210-B0121-1254-A-770-B-814-A00-858-A01-902-A01-946-C40-986-A-987-A01-988-A01-989-C40-991-C40-992-A01-993-A01-994-A01-995-A01-996-A01-997-A-,10,20,55976
0,4,5,0.25,1.0,0.0,0.0,1.0,0.0,0.25,0.25,0.0,4,0.0,1.0,1.0,1.0,1.0,1.0,1.0,1.0,1.0,1.0,0.2,1.0,0.6,5|103-A-104-C40-106-C40-107-A-119-C40-133-A-77-A-91-C40-,10,20,55977
0,5,6,0.3,0.8333333333333334,0.19999999999999996,0.0,1.0,0.25,0.4,0.25,1.0,4,0.0,1.0,0.9090909090909091,0.9090909090909091,0.8888888888888888,1.0,0.9090909090909091,0.9090909090909091,0.8888888888888888,1.0,0.2,1.0,0.5365853658536586,6|104-A-120-C40-134-A-135-C40-137-C40-138-A-152-C40-168-A01-184-A-,10,20,55978
0,19,20,1.0,0.9230769230769231,0.10078180081645664,0.0,1.0,0.8333333333333334,0.3157894736842105,0.25,0.12765694770084507,4,0.0,1.0,0.96,0.88,0.9333333333333333,0.875,0.96,0.88,0.9333333333333333,0.875,0.1282051282051282,1.0,0.2154696132596685,20|1034-C40-1078-A00-1122-A00-1166-A00-1210-A00-1254-A-770-A-814-A00-858-A00-902-A00-946-C40-985-A-986-A00-987-A00-988-A00-989-C40-991-C40-992-A01-993-A01-994-A01-995-A01-996-A01-997-A-,10,20,55979
0,19,20,1.0,0.9230769230769231,0.05263157894736842,0.0,1.0,0.8333333333333334,0.2631578947368421,0.25,0.06666666666666667,4,0.0,1.0,0.96,0.96,1.0,0.9333333333333333,0.96,0.96,1.0,0.9333333333333333,0.1282051282051282,1.0,0.2154696132596685,20|1034-C40-1078-A01-1122-A01-1166-A01-1210-A01-1254-A-726-A-770-A01-814-A01-858-A01-902-A01-946-C40-985-A-986-A01-987-A01-988-A01-989-C40-991-C40-992-A01-993-A01-994-A01-995-A01-996-A-,10,20,55980
6,13,20,1.0,0.9166666666666666,0.1324532357065044,0.6,0.35714285714285715,0.7222222222222222,0.3157894736842105,0.23684210526315788,0.17213259316477408,4,0.2222222222222222,0.6842105263157895,0.56,0.64,0.75,0.47058823529411764,0.8,0.8,0.875,0.7058823529411765,0.15151515151515152,0.16666666666666666,0.25161290322580643,20|1034-C40-1078-A01-1122-A01-1166-B00-1210-B-770-A-814-B0121-815-A01-816-B-858-A01-902-A01-946-C40-986-B-987-B00-988-A00-989-C40-991-C40-992-A01-993-A01-994-A01-995-A01-996-A01-997-A-,10,20,55981
4,15,20,1.0,1.0,0.08594700851870801,0.75,0.5,0.6666666666666666,0.2631578947368421,0.21052631578947367,0.10886621079036347,4,0.1111111111111111,0.7894736842105263,0.64,0.64,0.5882352941176471,0.9411764705882353,0.8,0.8,0.7058823529411765,0.9411764705882353,0.1652892561983471,0.4,0.2727272727272727,20|1034-C40-1078-A01-1122-A01-1164-A-1165-A01-1166-B011021-1167-A-1210-A01-1254-B-814-A-858-A01-902-A01-946-C40-985-B-986-A00-987-A01-988-A01-989-C40-991-C40-992-A01-993-A01-994-A00-995-B-,10,20,55982
7,12,20,1.0,0.8181818181818182,0.10526315789473684,0.6666666666666666,0.5,0.5555555555555556,0.2631578947368421,0.21052631578947367,0.10886621079036347,4,0.2222222222222222,0.631578947368421,0.64,0.48,0.631578947368421,0.47058823529411764,0.72,0.72,0.7368421052631579,0.7058823529411765,0.20202020202020202,0.3333333333333333,0.3277310924369748,20|1034-C40-1037-A-1078-A01-1122-A01-1166-A00-1209-B-1210-B0020-1254-B-814-B21-815-A-858-A01-902-A01-905-B-946-C40-949-A01-986-B-987-A01-988-A01-989-C40-991-C40-992-A00-993-B011121-994-A-,10,20,55983
0,19,20,1.0,0.9230769230769231,0.10078180081645664,0.0,1.0,0.8333333333333334,0.3157894736842105,0.25,0.12765694770084507,4,0.0,1.0,0.96,0.88,0.9333333333333333,0.875,0.96,0.88,0.9333333333333333,0.875,0.1282051282051282,1.0,0.2154696132596685,20|1034-C40-1078-A01-1122-A01-1166-A01-1210-A01-1254-A-770-A-814-A01-858-A01-902-A01-946-C40-985-A-986-A01-987-A01-988-A01-989-C40-991-C40-992-A01-993-A01-994-A01-995-A01-996-A01-997-A-,10,20,55984
0,19,20,1.0,0.9230769230769231,0.10078180081645664,0.0,1.0,0.8333333333333334,0.3157894736842105,0.25,0.12765694770084507,4,0.0,1.0,0.96,0.88,0.875,0.9333333333333333,0.96,0.88,0.875,0.9333333333333333,0.1282051282051282,1.0,0.2154696132596685,20|1034-C40-1078-A01-1122-A01-1166-A01-1210-A01-1254-A01-1298-A-770-A-814-A01-858-A01-902-A01-946-C40-985-A-986-A01-987-A01-988-A01-989-C40-991-C40-992-A01-993-A01-994-A01-995-A01-996-A-,10,20,55985
0,19,20,1.0,0.9230769230769231,0.05263157894736842,0.0,1.0,0.8333333333333334,0.2631578947368421,0.25,0.06666666666666667,4,0.0,1.0,0.96,0.96,1.0,0.9333333333333333,0.96,0.96,1.0,0.9333333333333333,0.1282051282051282,1.0,0.2154696132596685,20|1034-C40-1078-A01-1122-A01-1166-A01-1210-A01-1254-A-726-A-770-A01-814-A01-858-A01-902-A01-946-C40-985-A-986-A01-987-A01-988-A01-989-C40-991-C40-992-A01-993-A01-994-A01-995-A01-996-A-,10,20,55986
0,19,20,1.0,0.9230769230769231,0.05263157894736842,0.0,1.0,0.8333333333333334,0.2631578947368421,0.25,0.06666666666666667,4,0.0,1.0,0.96,0.96,1.0,0.9333333333333333,0.96,0.96,1.0,0.9333333333333333,0.1282051282051282,1.0,0.2154696132596685,20|1034-C40-1078-A00-1122-A01-1166-A01-1210-A00-1254-A-726-A-770-A00-814-A01-858-A01-902-A00-946-C40-985-A-986-A01-987-A01-988-A00-989-C40-991-C40-992-A00-993-A01-994-A01-995-A00-996-A-,10,20,55987
0,4,5,0.25,1.0,0.0,0.0,1.0,0.0,0.25,0.25,0.0,4,0.0,1.0,1.0,1.0,1.0,1.0,1.0,1.0,1.0,1.0,0.2,1.0,0.6,5|103-A-104-C40-106-C40-107-A-119-C40-133-A-77-A-91-C40-,10,20,55988
0,19,20,1.0,0.9230769230769231,0.10078180081645664,0.0,1.0,0.8333333333333334,0.3157894736842105,0.25,0.12765694770084507,4,0.0,1.0,0.88,0.96,0.9333333333333333,0.875,0.88,0.96,0.9333333333333333,0.875,0.1282051282051282,1.0,0.2154696132596685,20|1034-C40-1078-A01-1122-A01-1166-A01-1210-A-726-A-770-A01-814-A01-858-A01-902-A01-946-C40-985-A-986-A01-987-A01-988-A01-989-C40-991-C40-992-A01-993-A01-994-A01-995-A01-996-A01-997-A-,10,20,55989
0,19,20,1.0,0.9230769230769231,0.10078180081645664,0.0,1.0,0.8333333333333334,0.3157894736842105,0.25,0.12765694770084507,4,0.0,1.0,0.88,0.96,0.9333333333333333,0.875,0.88,0.96,0.9333333333333333,0.875,0.1282051282051282,1.0,0.2154696132596685,20|1034-C40-1078-A00-1122-A00-1166-A00-1210-A-726-A-770-A00-814-A00-858-A00-902-A00-946-C40-985-A-986-A00-987-A00-988-A00-989-C40-991-C40-992-A01-993-A01-994-A01-995-A00-996-A00-997-A-,10,20,55990
0,19,20,1.0,0.9230769230769231,0.10078180081645664,0.0,1.0,0.8333333333333334,0.3157894736842105,0.25,0.12765694770084507,4,0.0,1.0,0.88,0.96,0.9333333333333333,0.875,0.88,0.96,0.9333333333333333,0.875,0.1282051282051282,1.0,0.2154696132596685,20|1034-C40-1078-A01-1122-A01-1166-A01-1210-A-726-A-770-A01-814-A01-858-A01-902-A01-946-C40-985-A-986-A01-987-A01-988-A01-989-C40-991-C40-992-A01-993-A01-994-A01-995-A01-996-A01-997-A-,10,20,55991
0,19,20,1.0,0.9230769230769231,0.10078180081645664,0.0,1.0,0.8333333333333334,0.3157894736842105,0.25,0.12765694770084507,4,0.0,1.0,0.96,0.88,0.875,0.9333333333333333,0.96,0.88,0.875,0.9333333333333333,0.1282051282051282,1.0,0.2154696132596685,20|1034-C40-1078-A01-1122-A01-1166-A01-1210-A01-1254-A01-1298-A-770-A-814-A01-858-A01-902-A01-946-C40-985-A-986-A01-987-A01-988-A01-989-C40-991-C40-992-A01-993-A01-994-A01-995-A01-996-A-,10,20,55992
3,16,20,1.0,0.9,0.05263157894736842,0.0,0.5,0.7222222222222222,0.2631578947368421,0.23684210526315788,0.0769800358919501,4,0.1111111111111111,0.8421052631578947,0.64,0.48,0.5263157894736842,0.4444444444444444,0.72,0.72,0.631578947368421,0.6666666666666666,0.2222222222222222,0.25,0.3577981651376147,20|1034-C40-1078-A01-1122-A01-1166-A01-1210-A-814-B21-815-A01-816-A-858-A01-898-A-902-A01-905-A-942-A01-946-C40-949-A01-986-B21-987-A01-988-A01-989-C40-991-C40-992-A00-993-B0121-994-A-,10,20,55993
0,4,5,0.25,1.0,0.0,0.0,1.0,0.0,0.25,0.25,0.0,4,0.0,1.0,1.0,1.0,1.0,1.0,1.0,1.0,1.0,1.0,0.2,1.0,0.6,5|103-A-104-C40-106-C40-107-A-119-C40-133-A-77-A-91-C40-,10,20,55994
3,16,20,1.0,1.0,0.13589415249850587,0.6666666666666666,0.4,0.8333333333333334,0.3157894736842105,0.25,0.12765694770084507,4,0.0,0.8421052631578947,0.8,0.72,0.625,0.875,0.88,0.8,0.75,0.875,0.1388888888888889,0.25,0.23214285714285715,20|1034-C40-1078-A01-1122-A01-1166-A01-1210-A01-1254-A00-1298-B-813-B-814-B10-858-A01-902-A01-946-C40-985-A-986-A01-987-A01-988-A01-989-C41-991-C40-992-A01-993-A01-994-A01-995-A01-996-A-,10,20,55995
0,19,20,1.0,0.9230769230769231,0.10078180081645664,0.0,1.0,0.8333333333333334,0.3157894736842105,0.25,0.12765694770084507,4,0.0,1.0,0.88,0.96,0.9333333333333333,0.875,0.88,0.96,0.9333333333333333,0.875,0.1282051282051282,1.0,0.2154696132596685,20|1034-C40-1078-A01-1122-A01-1166-A01-1210-A-726-A-770-A01-814-A01-858-A01-902-A01-946-C40-985-A-986-A01-987-A01-988-A01-989-C40-991-C40-992-A01-993-A01-994-A01-995-A01-996-A01-997-A-,10,20,55996
7,12,20,1.0,0.8,0.14886458551295736,0.5,0.5714285714285714,0.4444444444444444,0.3157894736842105,0.17105263157894737,0.25239592648001213,4,0.0,0.631578947368421,0.56,0.56,0.6666666666666666,0.5,0.64,0.56,0.6666666666666666,0.5,0.25,0.3333333333333333,0.3979591836734694,20|1034-C40-1037-B-1038-B0020-1039-A01-1078-A01-1081-B-1082-B20-1083-A-1122-A01-1166-A-858-A-902-A01-946-C40-950-B-987-A-988-A01-989-C40-991-C40-992-A01-993-A01-994-B001020-995-B0121-996-A-,10,20,55997
0,19,20,1.0,0.9230769230769231,0.05263157894736842,0.0,1.0,0.8333333333333334,0.2631578947368421,0.25,0.06666666666666667,4,0.0,1.0,0.96,0.96,1.0,0.9333333333333333,0.96,0.96,1.0,0.9333333333333333,0.1282051282051282,1.0,0.2154696132596685,20|1034-C40-1078-A01-1122-A01-1166-A01-1210-A01-1254-A-726-A-770-A01-814-A01-858-A01-902-A01-946-C40-985-A-986-A01-987-A01-988-A01-989-C40-991-C40-992-A01-993-A01-994-A01-995-A01-996-A-,10,20,55998
2,17,20,1.0,0.8461538461538461,0.13589415249850587,0.5,0.625,0.7222222222222222,0.3157894736842105,0.23684210526315788,0.17213259316477408,4,0.0,0.8947368421052632,0.8,0.8,0.8,0.7058823529411765,0.88,0.8,0.8,0.8235294117647058,0.13986013986013987,0.3333333333333333,0.23353293413173654,20|1034-C40-1078-A01-1122-A01-1166-A00-1209-A-1210-B0121-1254-A-814-A-858-A01-902-A01-946-C40-985-B-986-A00-987-A01-988-A01-989-C40-991-C40-992-A01-993-A01-994-A01-995-A01-996-A01-997-A-,10,20,55999
0,19,20,1.0,0.9230769230769231,0.10078180081645664,0.0,1.0,0.8333333333333334,0.3157894736842105,0.25,0.12765694770084507,4,0.0,1.0,0.96,0.88,0.875,0.9333333333333333,0.96,0.88,0.875,0.9333333333333333,0.1282051282051282,1.0,0.2154696132596685,20|1034-C40-1078-A01-1122-A01-1166-A01-1210-A01-1254-A01-1298-A-770-A-814-A01-858-A01-902-A01-946-C40-985-A-986-A01-987-A01-988-A01-989-C40-991-C40-992-A01-993-A01-994-A01-995-A01-996-A-,10,20,56000
0,19,20,1.0,0.9230769230769231,0.10078180081645664,0.0,1.0,0.8333333333333334,0.3157894736842105,0.25,0.12765694770084507,4,0.0,1.0,0.88,0.96,0.9333333333333333,0.875,0.88,0.96,0.9333333333333333,0.875,0.1282051282051282,1.0,0.2154696132596685,20|1034-C40-1078-A01-1122-A01-1166-A01-1210-A-726-A-770-A01-814-A01-858-A01-902-A01-946-C40-985-A-986-A01-987-A01-988-A01-989-C40-991-C40-992-A01-993-A01-994-A01-995-A01-996-A01-997-A-,10,21,56001
0,19,20,1.0,0.9230769230769231,0.10078180081645664,0.0,1.0,0.8333333333333334,0.3157894736842105,0.25,0.12765694770084507,4,0.0,1.0,0.96,0.88,0.875,0.9333333333333333,0.96,0.88,0.875,0.9333333333333333,0.1282051282051282,1.0,0.2154696132596685,20|1034-C40-1078-A01-1122-A01-1166-A01-1210-A01-1254-A01-1298-A-770-A-814-A01-858-A01-902-A01-946-C40-985-A-986-A01-987-A01-988-A01-989-C40-991-C40-992-A01-993-A01-994-A01-995-A01-996-A-,10,21,56002
0,19,20,1.0,0.9230769230769231,0.05263157894736842,0.0,1.0,0.8333333333333334,0.2631578947368421,0.25,0.06666666666666667,4,0.0,1.0,0.96,0.96,1.0,0.9333333333333333,0.96,0.96,1.0,0.9333333333333333,0.1282051282051282,1.0,0.2154696132596685,20|1034-C40-1078-A00-1122-A01-1166-A01-1210-A00-1254-A-726-A-770-A00-814-A01-858-A01-902-A00-946-C40-985-A-986-A01-987-A01-988-A00-989-C40-991-C40-992-A00-993-A01-994-A01-995-A00-996-A-,10,21,56003
0,5,6,0.3,0.8333333333333334,0.19999999999999996,0.0,1.0,0.25,0.4,0.25,1.0,4,0.0,1.0,0.9090909090909091,0.9090909090909091,1.0,0.8888888888888888,0.9090909090909091,0.9090909090909091,1.0,0.8888888888888888,0.2,1.0,0.5365853658536586,6|104-A-120-C40-134-A-135-C40-137-C40-138-A01-139-A-152-C40-168-A-,10,21,56004
0,19,20,1.0,0.9230769230769231,0.10078180081645664,0.0,1.0,0.8333333333333334,0.3157894736842105,0.25,0.12765694770084507,4,0.0,1.0,0.96,0.88,0.875,0.9333333333333333,0.96,0.88,0.875,0.9333333333333333,0.1282051282051282,1.0,0.2154696132596685,20|1034-C40-1078-A01-1122-A01-1166-A01-1210-A01-1254-A01-1298-A-770-A-814-A01-858-A01-902-A01-946-C40-985-A-986-A01-987-A01-988-A01-989-C40-991-C40-992-A01-993-A01-994-A01-995-A01-996-A-,10,21,56005
7,12,20,1.0,0.9090909090909091,0.15789473684210528,0.5,0.42857142857142855,0.6111111111111112,0.2631578947368421,0.2236842105263158,0.12765694770084507,4,0.2222222222222222,0.631578947368421,0.8,0.48,0.5555555555555556,0.47058823529411764,0.8,0.64,0.6666666666666666,0.5882352941176471,0.18181818181818182,0.16666666666666666,0.29770992366412213,20|1031-A-1034-C40-1078-A01-1122-A01-1166-A00-1210-B0010-1211-B-1254-B-814-A-856-A-857-A01-858-B0121-902-A00-946-C40-987-B21-988-A00-989-C40-991-C40-992-A01-993-A01-994-A00-995-B00-996-B-,10,21,56006
3,16,20,1.0,0.7692307692307693,0.15789473684210528,0.6666666666666666,0.5,0.7222222222222222,0.3157894736842105,0.23684210526315788,0.2309401076758503,4,0.0,0.8421052631578947,0.8,0.64,0.6666666666666666,0.6666666666666666,0.8,0.8,0.8888888888888888,0.6666666666666666,0.15384615384615385,0.25,0.2549019607843137,20|1034-C40-1078-A01-1122-A01-1166-A00-1208-A-1209-A01-1210-B0121-1254-A-726-B-770-A00-814-A01-858-A01-902-A00-946-C40-984-B-985-A00-986-A01-987-A01-988-A00-989-C40-991-C40-992-A01-993-A-,10,21,56007
0,12,13,0.65,1.0,0.0,0.0,1.0,0.7272727272727273,0.25,0.25,0.0,4,0.0,1.0,1.0,1.0,1.0,1.0,1.0,1.0,1.0,1.0,0.16049382716049382,1.0,0.31313131313131315,13|345-A-375-A00-405-A00-435-C40-461-A-462-A00-463-A00-464-C40-466-C40-467-A00-468-A00-469-A-495-C40-525-A00-555-A00-585-A-,10,21,56008
0,19,20,1.0,0.9230769230769231,0.10078180081645664,0.0,1.0,0.8333333333333334,0.3157894736842105,0.25,0.12765694770084507,4,0.0,1.0,0.96,0.88,0.875,0.9333333333333333,0.96,0.88,0.875,0.9333333333333333,0.1282051282051282,1.0,0.2154696132596685,20|1034-C40-1078-A01-1122-A01-1166-A01-1210-A01-1254-A01-1298-A-770-A-814-A01-858-A01-902-A01-946-C40-985-A-986-A01-987-A01-988-A01-989-C40-991-C40-992-A01-993-A01-994-A01-995-A01-996-A-,10,21,56009
4,15,20,1.0,0.8461538461538461,0.13589415249850587,0.75,0.4166666666666667,0.7222222222222222,0.3157894736842105,0.23684210526315788,0.17213259316477408,4,0.0,0.7894736842105263,0.88,0.8,0.8235294117647058,0.8,0.88,0.8,0.8235294117647058,0.8,0.13986013986013987,0.2,0.23353293413173654,20|1034-C40-1078-A01-1122-A01-1166-A01-1210-A01-1254-B0020-1255-B-1298-B-770-A-814-A01-858-A01-902-A01-946-C40-986-A-987-A01-988-A01-989-C40-991-C40-992-A01-993-A01-994-A01-995-A01-996-B-,10,21,56010
8,11,20,1.0,0.9,0.10078180081645664,0.6666666666666666,0.5714285714285714,0.4444444444444444,0.2631578947368421,0.18421052631578946,0.17213259316477408,4,0.1111111111111111,0.5789473684210527,0.56,0.56,0.7368421052631579,0.4444444444444444,0.8,0.64,0.7368421052631579,0.5555555555555556,0.2222222222222222,0.3333333333333333,0.3577981651376147,20|1034-C40-1037-A-1038-B0021-1039-A-1078-A01-1082-B-1122-A01-1165-A-1166-B0121-1210-A-814-B-858-A01-902-A01-946-C40-950-B-987-B-988-A00-989-C40-991-C40-992-A01-993-A01-994-B001020-995-B21-,10,21,56011
0,19,20,1.0,0.9230769230769231,0.10078180081645664,0.0,1.0,0.8333333333333334,0.3157894736842105,0.25,0.12765694770084507,4,0.0,1.0,0.96,0.88,0.9333333333333333,0.875,0.96,0.88,0.9333333333333333,0.875,0.1282051282051282,1.0,0.2154696132596685,20|1034-C40-1078-A01-1122-A01-1166-A01-1210-A01-1254-A-770-A-814-A01-858-A01-902-A01-946-C40-985-A-986-A01-987-A01-988-A01-989-C40-991-C40-992-A01-993-A01-994-A01-995-A01-996-A01-997-A-,10,21,56012
0,19,20,1.0,0.9230769230769231,0.10078180081645664,0.0,1.0,0.8333333333333334,0.3157894736842105,0.25,0.12765694770084507,4,0.0,1.0,0.96,0.88,0.875,0.9333333333333333,0.96,0.88,0.875,0.9333333333333333,0.1282051282051282,1.0,0.2154696132596685,20|1034-C40-1078-A01-1122-A01-1166-A01-1210-A01-1254-A01-1298-A-770-A-814-A01-858-A01-902-A01-946-C40-985-A-986-A01-987-A01-988-A01-989-C40-991-C40-992-A01-993-A01-994-A01-995-A01-996-A-,10,21,56013
0,4,5,0.25,1.0,0.0,0.0,1.0,0.0,0.25,0.25,0.0,4,0.0,1.0,1.0,1.0,1.0,1.0,1.0,1.0,1.0,1.0,0.2,1.0,0.6,5|103-A-104-C40-106-C40-107-A-119-C40-133-A-77-A-91-C40-,10,21,56014
3,16,20,1.0,0.8333333333333334,0.08594700851870801,0.3333333333333333,0.5,0.7222222222222222,0.3157894736842105,0.23684210526315788,0.17213259316477408,4,0.0,0.8421052631578947,0.8,0.8,0.7777777777777778,0.75,0.8,0.8,0.7777777777777778,0.75,0.16666666666666666,0.25,0.2746478873239437,20|1034-C40-1039-A-1078-A01-1122-A01-1166-A00-1208-A-1209-A00-1210-B0121-1254-A-770-B-814-A00-858-A01-902-A01-946-C40-986-A-987-A01-988-A01-989-C40-991-C40-992-A01-993-A01-994-A00-995-B21-,10,21,56015
0,19,20,1.0,0.9230769230769231,0.05263157894736842,0.0,1.0,0.8333333333333334,0.2631578947368421,0.25,0.06666666666666667,4,0.0,1.0,0.96,0.96,1.0,0.9333333333333333,0.96,0.96,1.0,0.9333333333333333,0.1282051282051282,1.0,0.2154696132596685,20|1034-C40-1078-A01-1122-A01-1166-A01-1210-A01-1254-A-726-A-770-A01-814-A01-858-A01-902-A01-946-C40-985-A-986-A01-987-A01-988-A01-989-C40-991-C40-992-A01-993-A01-994-A01-995-A01-996-A-,10,21,56016
0,19,20,1.0,0.9230769230769231,0.10078180081645664,0.0,1.0,0.8333333333333334,0.3157894736842105,0.25,0.12765694770084507,4,0.0,1.0,0.96,0.88,0.9333333333333333,0.875,0.96,0.88,0.9333333333333333,0.875,0.1282051282051282,1.0,0.2154696132596685,20|1034-C40-1078-A01-1122-A01-1166-A01-1210-A01-1254-A-770-A-814-A01-858-A01-902-A01-946-C40-985-A-986-A01-987-A01-988-A01-989-C40-991-C40-992-A01-993-A01-994-A01-995-A01-996-A01-997-A-,10,21,56017
0,19,20,1.0,0.9230769230769231,0.10078180081645664,0.0,1.0,0.8333333333333334,0.3157894736842105,0.25,0.12765694770084507,4,0.0,1.0,0.96,0.88,0.875,0.9333333333333333,0.96,0.88,0.875,0.9333333333333333,0.1282051282051282,1.0,0.2154696132596685,20|1034-C40-1078-A01-1122-A01-1166-A01-1210-A01-1254-A01-1298-A-770-A-814-A01-858-A01-902-A01-946-C40-985-A-986-A01-987-A01-988-A01-989-C40-991-C40-992-A01-993-A01-994-A01-995-A01-996-A-,10,21,56018
0,19,20,1.0,0.9230769230769231,0.10078180081645664,0.0,1.0,0.8333333333333334,0.3157894736842105,0.25,0.12765694770084507,4,0.0,1.0,0.96,0.88,0.875,0.9333333333333333,0.96,0.88,0.875,0.9333333333333333,0.1282051282051282,1.0,0.2154696132596685,20|1034-C40-1078-A01-1122-A01-1166-A01-1210-A01-1254-A01-1298-A-770-A-814-A01-858-A01-902-A01-946-C40-985-A-986-A01-987-A01-988-A01-989-C40-991-C40-992-A01-993-A01-994-A01-995-A01-996-A-,10,21,56019
0,19,20,1.0,0.9230769230769231,0.05263157894736842,0.0,1.0,0.8333333333333334,0.2631578947368421,0.25,0.06666666666666667,4,0.0,1.0,0.96,0.96,1.0,0.9333333333333333,0.96,0.96,1.0,0.9333333333333333,0.1282051282051282,1.0,0.2154696132596685,20|1034-C40-1078-A01-1122-A01-1166-A01-1210-A01-1254-A-726-A-770-A01-814-A01-858-A01-902-A01-946-C40-985-A-986-A01-987-A01-988-A01-989-C40-991-C40-992-A01-993-A01-994-A01-995-A01-996-A-,10,21,56020
0,19,20,1.0,0.9230769230769231,0.05263157894736842,0.0,1.0,0.8333333333333334,0.2631578947368421,0.25,0.06666666666666667,4,0.0,1.0,0.96,0.96,1.0,0.9333333333333333,0.96,0.96,1.0,0.9333333333333333,0.1282051282051282,1.0,0.2154696132596685,20|1034-C40-1078-A01-1122-A01-1166-A01-1210-A01-1254-A-726-A-770-A01-814-A01-858-A01-902-A01-946-C40-985-A-986-A01-987-A01-988-A01-989-C40-991-C40-992-A01-993-A01-994-A01-995-A01-996-A-,10,21,56021
3,16,20,1.0,0.9230769230769231,0.15789473684210528,1.0,0.4,0.8333333333333334,0.3157894736842105,0.25,0.2,4,0.0,0.8421052631578947,0.88,0.72,0.6666666666666666,0.875,0.96,0.8,0.8,0.875,0.1282051282051282,0.25,0.2154696132596685,20|1034-C40-1078-A01-1122-A01-1166-A01-1210-A01-1254-A00-1298-B-814-B-858-A01-902-A01-946-C40-985-A-986-A01-987-A01-988-A00-989-C40-991-C40-992-A01-993-A01-994-A01-995-A01-996-A00-997-B-,10,21,56022
5,14,20,1.0,0.75,0.1324532357065044,0.75,0.42857142857142855,0.6666666666666666,0.2631578947368421,0.21052631578947367,0.10886621079036347,4,0.1111111111111111,0.7368421052631579,0.48,0.64,0.5263157894736842,0.625,0.72,0.72,0.7368421052631579,0.75,0.18518518518518517,0.3333333333333333,0.3023255813953488,20|1034-C40-1078-A01-1122-A01-1164-A-1165-A01-1166-B011121-1167-A-1210-A01-1254-A-770-B-814-A00-858-A01-902-A01-943-B-946-C40-987-B20-988-A01-989-C41-991-C40-992-A01-993-A01-994-A00-995-B-,10,21,56023
4,15,20,1.0,0.9166666666666666,0.15789473684210528,0.5,0.4166666666666667,0.7222222222222222,0.3684210526315789,0.23684210526315788,0.25531389540169014,4,0.0,0.7894736842105263,0.72,0.8,0.75,0.7058823529411765,0.72,0.88,0.75,0.7058823529411765,0.15151515151515152,0.2,0.25161290322580643,20|1028-B20-1029-B-1034-C40-1078-A01-1122-A01-1166-A01-1210-A01-1254-A-814-A-858-A01-902-A01-946-C40-983-B-984-B0020-985-A01-986-A01-987-A01-988-A01-989-C40-991-C40-992-A01-993-A01-994-A-,10,21,56024
0,19,20,1.0,0.9230769230769231,0.10078180081645664,0.0,1.0,0.8333333333333334,0.3157894736842105,0.25,0.12765694770084507,4,0.0,1.0,0.96,0.88,0.875,0.9333333333333333,0.96,0.88,0.875,0.9333333333333333,0.1282051282051282,1.0,0.2154696132596685,20|1034-C40-1078-A00-1122-A00-1166-A00-1210-A00-1254-A00-1298-A-770-A-814-A00-858-A00-902-A00-946-C40-985-A-986-A00-987-A00-988-A00-989-C40-991-C40-992-A00-993-A00-994-A00-995-A00-996-A-,10,21,56025
1,18,20,1.0,0.9230769230769231,0.10078180081645664,1.0,0.6666666666666666,0.8333333333333334,0.3157894736842105,0.25,0.12765694770084507,4,0.0,0.9473684210526316,0.96,0.88,0.875,0.9333333333333333,0.96,0.88,0.875,0.9333333333333333,0.1282051282051282,0.5,0.2154696132596685,20|1034-C40-1078-A01-1122-A01-1166-A01-1210-A01-1254-A00-1298-B-770-A-814-A01-858-A01-902-A01-946-C40-985-A-986-A01-987-A01-988-A01-989-C40-991-C40-992-A01-993-A01-994-A01-995-A01-996-A-,10,21,56026
0,19,20,1.0,0.9230769230769231,0.10078180081645664,0.0,1.0,0.8333333333333334,0.3157894736842105,0.25,0.12765694770084507,4,0.0,1.0,0.96,0.88,0.875,0.9333333333333333,0.96,0.88,0.875,0.9333333333333333,0.1282051282051282,1.0,0.2154696132596685,20|1034-C40-1078-A01-1122-A01-1166-A01-1210-A01-1254-A01-1298-A-770-A-814-A01-858-A01-902-A01-946-C40-985-A-986-A01-987-A01-988-A01-989-C40-991-C40-992-A01-993-A01-994-A01-995-A01-996-A-,10,21,56027
0,19,20,1.0,0.9230769230769231,0.10078180081645664,0.0,1.0,0.8333333333333334,0.3157894736842105,0.25,0.12765694770084507,4,0.0,1.0,0.96,0.88,0.875,0.9333333333333333,0.96,0.88,0.875,0.9333333333333333,0.1282051282051282,1.0,0.2154696132596685,20|1034-C40-1078-A00-1122-A00-1166-A00-1210-A00-1254-A00-1298-A-770-A-814-A00-858-A00-902-A00-946-C40-985-A-986-A00-987-A00-988-A00-989-C40-991-C40-992-A00-993-A00-994-A00-995-A00-996-A-,10,21,56028
2,17,20,1.0,0.8461538461538461,0.13589415249850587,0.5,0.625,0.7222222222222222,0.3157894736842105,0.23684210526315788,0.17213259316477408,4,0.0,0.8947368421052632,0.88,0.8,0.8235294117647058,0.8,0.88,0.8,0.8235294117647058,0.8,0.13986013986013987,0.3333333333333333,0.23353293413173654,20|1034-C40-1078-A01-1122-A01-1166-A01-1210-A01-1254-B0121-1255-A-1298-A-770-A-814-A01-858-A01-902-A01-946-C40-986-A-987-A01-988-A01-989-C40-991-C40-992-A01-993-A01-994-A01-995-A01-996-B-,10,21,56029
0,19,20,1.0,0.9230769230769231,0.05263157894736842,0.0,1.0,0.8333333333333334,0.2631578947368421,0.25,0.06666666666666667,4,0.0,1.0,0.96,0.96,1.0,0.9333333333333333,0.96,0.96,1.0,0.9333333333333333,0.1282051282051282,1.0,0.2154696132596685,20|1034-C40-1078-A01-1122-A01-1166-A01-1210-A01-1254-A-726-A-770-A01-814-A01-858-A01-902-A01-946-C40-985-A-986-A01-987-A01-988-A01-989-C40-991-C40-992-A01-993-A01-994-A01-995-A01-996-A-,10,21,56030
9,10,20,1.0,0.7272727272727273,0.17977106606946666,0.5714285714285714,0.5714285714285714,0.4444444444444444,0.2631578947368421,0.18421052631578946,0.25531389540169014,4,0.0,0.5263157894736842,0.72,0.56,0.6,0.5882352941176471,0.72,0.56,0.6,0.5882352941176471,0.22727272727272727,0.3333333333333333,0.3644859813084112,20|1034-C40-1038-B-1039-A-1078-A01-1121-A-1122-A01-1165-B21-1166-B001020-1167-B-1209-A-1210-B0021-1254-B-814-B-858-A01-902-A01-946-C40-988-A-989-C40-991-C40-992-A01-993-A01-994-B0020-995-B21-,10,21,56031
3,16,20,1.0,0.8333333333333334,0.08594700851870801,0.3333333333333333,0.5,0.7222222222222222,0.3157894736842105,0.23684210526315788,0.17213259316477408,4,0.0,0.8421052631578947,0.8,0.8,0.7777777777777778,0.75,0.8,0.8,0.7777777777777778,0.75,0.16666666666666666,0.25,0.2746478873239437,20|1034-C40-1039-A-1078-A01-1122-A01-1166-A00-1208-A-1209-A01-1210-B0121-1254-A-770-B-814-A00-858-A01-902-A01-946-C40-986-A-987-A01-988-A01-989-C40-991-C40-992-A01-993-A01-994-A00-995-B21-,10,21,56032
1,18,20,1.0,0.9230769230769231,0.10078180081645664,1.0,0.6666666666666666,0.8333333333333334,0.3157894736842105,0.25,0.12765694770084507,4,0.0,0.9473684210526316,0.96,0.88,0.875,0.9333333333333333,0.96,0.88,0.875,0.9333333333333333,0.1282051282051282,0.5,0.2154696132596685,20|1034-C40-1078-A01-1122-A01-1166-A01-1210-A01-1254-A00-1298-B-770-A-814-A01-858-A01-902-A01-946-C40-985-A-986-A01-987-A01-988-A01-989-C40-991-C40-992-A01-993-A01-994-A01-995-A01-996-A-,10,21,56033
3,16,20,1.0,0.8333333333333334,0.08594700851870801,0.3333333333333333,0.5,0.7222222222222222,0.3157894736842105,0.23684210526315788,0.17213259316477408,4,0.0,0.8421052631578947,0.8,0.8,0.7777777777777778,0.75,0.8,0.8,0.7777777777777778,0.75,0.16666666666666666,0.25,0.2746478873239437,20|1034-C40-1039-A-1078-A01-1122-A01-1166-A00-1208-A-1209-A01-1210-B0121-1254-A-770-B-814-A00-858-A01-902-A01-946-C40-986-A-987-A01-988-A01-989-C40-991-C40-992-A01-993-A01-994-A00-995-B21-,10,21,56034
14,5,20,1.0,1.0,0.0607737125462764,0.9,0.6428571428571429,0.3888888888888889,0.21052631578947367,0.18421052631578946,0.0769800358919501,4,0.3333333333333333,0.26315789473684215,0.64,0.88,0.6666666666666666,0.7777777777777778,0.72,0.96,0.7777777777777778,0.7777777777777778,0.2,0.5,0.325,20|1034-C40-1037-B-1038-B-1078-A00-1122-A00-1166-B-770-B-814-B00-857-B-858-B001020-859-B-902-A00-946-C40-949-B-986-B-987-B00-988-A00-989-C40-991-C40-992-A00-993-B001020-994-B0010-995-B-,10,21,56035
3,16,20,1.0,0.7142857142857143,0.2505764360892228,0.6666666666666666,0.5,0.7222222222222222,0.42105263157894735,0.23684210526315788,0.31739681904634887,4,0.0,0.8421052631578947,0.72,0.64,0.8571428571428571,0.5555555555555556,0.8,0.72,0.8571428571428571,0.6666666666666666,0.14285714285714285,0.25,0.23780487804878048,20|1034-C40-1078-A01-1122-A01-1165-A-1166-B0121-1210-A-814-B-858-A01-902-A01-946-C40-986-B-987-A01-988-A01-989-C40-991-C40-992-A01-993-A01-994-A01-995-A01-996-A01-997-A01-998-A01-999-A-,10,21,56036
0,19,20,1.0,0.9230769230769231,0.10078180081645664,0.0,1.0,0.8333333333333334,0.3157894736842105,0.25,0.12765694770084507,4,0.0,1.0,0.96,0.88,0.875,0.9333333333333333,0.96,0.88,0.875,0.9333333333333333,0.1282051282051282,1.0,0.2154696132596685,20|1034-C40-1078-A01-1122-A01-1166-A01-1210-A01-1254-A01-1298-A-770-A-814-A01-858-A01-902-A01-946-C40-985-A-986-A01-987-A01-988-A01-989-C40-991-C40-992-A01-993-A01-994-A01-995-A01-996-A-,10,21,56037
0,19,20,1.0,0.9230769230769231,0.10078180081645664,0.0,1.0,0.8333333333333334,0.3157894736842105,0.25,0.12765694770084507,4,0.0,1.0,0.96,0.88,0.875,0.9333333333333333,0.96,0.88,0.875,0.9333333333333333,0.1282051282051282,1.0,0.2154696132596685,20|1034-C40-1078-A01-1122-A01-1166-A01-1210-A01-1254-A01-1298-A-770-A-814-A01-858-A01-902-A01-946-C40-985-A-986-A01-987-A01-988-A01-989-C40-991-C40-992-A01-993-A01-994-A01-995-A01-996-A-,10,21,56038
0,19,20,1.0,0.9230769230769231,0.10078180081645664,0.0,1.0,0.8333333333333334,0.3157894736842105,0.25,0.12765694770084507,4,0.0,1.0,0.96,0.88,0.875,0.9333333333333333,0.96,0.88,0.875,0.9333333333333333,0.1282051282051282,1.0,0.2154696132596685,20|1034-C40-1078-A01-1122-A01-1166-A01-1210-A01-1254-A01-1298-A-770-A-814-A01-858-A01-902-A01-946-C40-985-A-986-A01-987-A01-988-A01-989-C40-991-C40-992-A01-993-A01-994-A01-995-A01-996-A-,10,21,56039
5,14,20,1.0,0.9,0.10078180081645664,0.5,0.5714285714285714,0.4444444444444444,0.2631578947368421,0.18421052631578946,0.17213259316477408,4,0.3333333333333333,0.7368421052631579,0.4,0.4166666666666667,0.7368421052631579,0.5555555555555556,0.72,0.6666666666666666,0.7368421052631579,0.5555555555555556,0.2222222222222222,0.3333333333333333,0.3577981651376147,20|1034-C40-1037-A-1078-A01-1122-A01-1166-A00-1210-B-814-A-858-A01-861-A-902-A01-905-B0121-906-A-946-C40-949-A01-950-A-987-B-988-A00-989-C40-991-C40-992-A00-993-B001121-994-B0121-995-A-,10,21,56040
1,18,20,1.0,0.4,0.2898721340676896,0.0,1.0,0.6666666666666666,0.42105263157894735,0.19736842105263158,0.45379061903693635,4,0.0,0.9473684210526316,0.4,0.4,0.9230769230769231,0.6086956521739131,0.4,0.4,0.9230769230769231,0.6956521739130435,0.2222222222222222,1.0,0.35135135135135137,20|1034-C40-1040-A01-1078-A-1084-A-864-A-902-A-908-A01-946-C40-952-A01-984-A-985-A01-986-A01-987-A01-988-A01-989-C40-991-C40-992-A01-993-A01-994-A01-995-A01-996-B011121-997-A01-998-A-,10,21,56041
0,19,20,1.0,0.9230769230769231,0.05263157894736842,0.0,1.0,0.8333333333333334,0.2631578947368421,0.25,0.06666666666666667,4,0.0,1.0,0.96,0.96,1.0,0.9333333333333333,0.96,0.96,1.0,0.9333333333333333,0.1282051282051282,1.0,0.2154696132596685,20|1034-C40-1078-A00-1122-A01-1166-A01-1210-A01-1254-A-726-A-770-A01-814-A01-858-A01-902-A00-946-C40-985-A-986-A01-987-A01-988-A00-989-C40-991-C40-992-A00-993-A01-994-A01-995-A01-996-A-,10,21,56042
3,16,20,1.0,0.9230769230769231,0.10078180081645664,0.6666666666666666,0.4,0.8333333333333334,0.3157894736842105,0.25,0.12765694770084507,4,0.0,0.8421052631578947,0.96,0.88,0.875,0.9333333333333333,0.96,0.88,0.875,0.9333333333333333,0.1282051282051282,0.25,0.2154696132596685,20|1034-C40-1078-A01-1122-A01-1166-A01-1210-A01-1254-B00-1298-B-770-A-814-A01-858-A01-902-A01-946-C40-985-A-986-A01-987-A01-988-A01-989-C40-991-C40-992-A01-993-A01-994-A01-995-A01-996-B-,10,21,56043
7,12,20,1.0,0.8333333333333334,0.08594700851870801,0.6666666666666666,0.35714285714285715,0.7222222222222222,0.3157894736842105,0.23684210526315788,0.17213259316477408,4,0.0,0.631578947368421,0.8,0.8,0.7777777777777778,0.75,0.8,0.8,0.7777777777777778,0.75,0.16666666666666666,0.16666666666666666,0.2746478873239437,20|1034-C40-1039-B-1078-A01-1122-A01-1166-A00-1208-B-1209-B00-1210-B0020-1254-B-770-B-814-A00-858-A01-902-A01-946-C40-986-A-987-A01-988-A01-989-C40-991-C40-992-A01-993-A01-994-A00-995-B20-,10,21,56044
0,19,20,1.0,0.9230769230769231,0.05263157894736842,0.0,1.0,0.8333333333333334,0.2631578947368421,0.25,0.06666666666666667,4,0.0,1.0,0.96,0.96,1.0,0.9333333333333333,0.96,0.96,1.0,0.9333333333333333,0.1282051282051282,1.0,0.2154696132596685,20|1034-C40-1078-A01-1122-A01-1166-A01-1210-A01-1254-A-726-A-770-A01-814-A01-858-A01-902-A01-946-C40-985-A-986-A01-987-A01-988-A01-989-C40-991-C40-992-A01-993-A01-994-A01-995-A01-996-A-,10,21,56045
15,4,20,1.0,0.8181818181818182,0.13589415249850587,0.7272727272727273,0.5714285714285714,0.4444444444444444,0.2631578947368421,0.18421052631578946,0.17213259316477408,4,0.4444444444444444,0.21052631578947367,0.8,0.64,0.631578947368421,0.7058823529411765,0.8,0.64,0.631578947368421,0.7058823529411765,0.20202020202020202,0.3333333333333333,0.3277310924369748,20|1034-C40-1037-B-1078-A00-1120-B-1121-B00-1122-B001020-1123-B-1166-B0020-1167-B-1210-B00-1254-B-814-B-858-B00-902-A00-946-C40-987-B-988-A00-989-C40-991-C40-992-A00-993-B0010-994-B00-995-B-,10,21,56046
0,19,20,1.0,0.9230769230769231,0.10078180081645664,0.0,1.0,0.8333333333333334,0.3157894736842105,0.25,0.12765694770084507,4,0.0,1.0,0.96,0.88,0.875,0.9333333333333333,0.96,0.88,0.875,0.9333333333333333,0.1282051282051282,1.0,0.2154696132596685,20|1034-C40-1078-A01-1122-A01-1166-A01-1210-A01-1254-A01-1298-A-770-A-814-A01-858-A01-902-A01-946-C40-985-A-986-A01-987-A01-988-A01-989-C40-991-C40-992-A01-993-A01-994-A01-995-A01-996-A-,10,21,56047
4,15,20,1.0,1.0,0.13589415249850587,0.5,0.4166666666666667,0.7222222222222222,0.3157894736842105,0.23684210526315788,0.17213259316477408,4,0.1111111111111111,0.7894736842105263,0.72,0.72,0.875,0.625,0.88,0.8,0.875,0.75,0.1388888888888889,0.2,0.23214285714285715,20|1034-C40-1078-A01-1122-A01-1165-A-1166-B0121-1210-A01-1254-B-770-A-814-B01-858-A01-902-A01-946-C40-986-B-987-A01-988-A01-989-C40-991-C40-992-A01-993-A01-994-A01-995-A01-996-A01-997-A-,10,21,56048
3,16,20,1.0,1.0,0.17189401703741602,0.6666666666666666,0.6,0.6666666666666666,0.3684210526315789,0.2236842105263158,0.2748737083745107,4,0.0,0.8421052631578947,0.64,0.64,0.5882352941176471,0.9411764705882353,0.72,0.72,0.5882352941176471,0.9411764705882353,0.1652892561983471,0.5,0.2727272727272727,20|1034-C40-1078-A01-1122-A01-1166-A01-1210-A01-1253-A-1254-B011121-1255-A01-1256-A-1298-A-858-A-902-A01-946-C40-985-B-986-A01-987-A01-988-A00-989-C40-991-C40-992-A01-993-A01-994-A00-995-B-,10,21,56049
0,19,20,1.0,0.9230769230769231,0.10078180081645664,0.0,1.0,0.8333333333333334,0.3157894736842105,0.25,0.12765694770084507,4,0.0,1.0,0.96,0.88,0.875,0.9333333333333333,0.96,0.88,0.875,0.9333333333333333,0.1282051282051282,1.0,0.2154696132596685,20|1034-C40-1078-A00-1122-A01-1166-A01-1210-A01-1254-A01-1298-A-770-A-814-A01-858-A01-902-A01-946-C40-985-A-986-A01-987-A01-988-A01-989-C40-991-C40-992-A01-993-A01-994-A01-995-A01-996-A-,10,21,56050
5,14,20,1.0,0.8461538461538461,0.13589415249850587,1.0,0.35714285714285715,0.7222222222222222,0.3157894736842105,0.23684210526315788,0.17213259316477408,4,0.0,0.7368421052631579,0.8,0.72,0.8235294117647058,0.6666666666666666,0.88,0.8,0.8235294117647058,0.8,0.13986013986013987,0.16666666666666666,0.23353293413173654,20|1034-C40-1078-A01-1122-A01-1166-A01-1210-A01-1253-B-1254-B0010-1298-B-770-A-814-A01-858-A01-902-A01-946-C40-986-B-987-A01-988-A01-989-C40-991-C40-992-A01-993-A01-994-A01-995-A01-996-B-,10,21,56051
11,8,20,1.0,0.9,0.10078180081645664,0.875,0.6428571428571429,0.3333333333333333,0.21052631578947367,0.17105263157894737,0.12765694770084507,4,0.2222222222222222,0.42105263157894735,0.48,0.48,0.7368421052631579,0.5555555555555556,0.8,0.64,0.7368421052631579,0.5555555555555556,0.2222222222222222,0.3333333333333333,0.3577981651376147,20|1034-C40-1037-B-1078-A01-1122-A01-1165-B-1166-B0020-1210-B-814-B-858-A01-902-A01-905-B-946-C40-948-B-949-B0020-950-A-987-B-988-A01-989-C41-991-C40-992-A00-993-B001020-994-B0121-995-A-,10,21,56052
0,19,20,1.0,0.9230769230769231,0.10078180081645664,0.0,1.0,0.8333333333333334,0.3157894736842105,0.25,0.12765694770084507,4,0.0,1.0,0.96,0.88,0.875,0.9333333333333333,0.96,0.88,0.875,0.9333333333333333,0.1282051282051282,1.0,0.2154696132596685,20|1034-C40-1078-A01-1122-A01-1166-A01-1210-A01-1254-A01-1298-A-770-A-814-A01-858-A01-902-A01-946-C40-985-A-986-A01-987-A01-988-A01-989-C40-991-C40-992-A01-993-A01-994-A01-995-A01-996-A-,10,21,56053
0,19,20,1.0,0.9230769230769231,0.10078180081645664,0.0,1.0,0.8333333333333334,0.3157894736842105,0.25,0.12765694770084507,4,0.0,1.0,0.96,0.88,0.875,0.9333333333333333,0.96,0.88,0.875,0.9333333333333333,0.1282051282051282,1.0,0.2154696132596685,20|1034-C40-1078-A00-1122-A00-1166-A00-1210-A00-1254-A00-1298-A-770-A-814-A00-858-A00-902-A00-946-C40-985-A-986-A00-987-A00-988-A00-989-C40-991-C40-992-A00-993-A00-994-A00-995-A00-996-A-,10,21,56054
0,19,20,1.0,0.9230769230769231,0.10078180081645664,0.0,1.0,0.8333333333333334,0.3157894736842105,0.25,0.12765694770084507,4,0.0,1.0,0.88,0.96,0.9333333333333333,0.875,0.88,0.96,0.9333333333333333,0.875,0.1282051282051282,1.0,0.2154696132596685,20|1034-C40-1078-A01-1122-A01-1166-A01-1210-A-726-A-770-A01-814-A01-858-A01-902-A01-946-C40-985-A-986-A01-987-A01-988-A01-989-C40-991-C40-992-A01-993-A01-994-A01-995-A01-996-A01-997-A-,10,21,56055
0,19,20,1.0,0.9230769230769231,0.10078180081645664,0.0,1.0,0.8333333333333334,0.3157894736842105,0.25,0.12765694770084507,4,0.0,1.0,0.96,0.88,0.875,0.9333333333333333,0.96,0.88,0.875,0.9333333333333333,0.1282051282051282,1.0,0.2154696132596685,20|1034-C40-1078-A01-1122-A01-1166-A01-1210-A01-1254-A01-1298-A-770-A-814-A01-858-A01-902-A01-946-C40-985-A-986-A01-987-A01-988-A01-989-C40-991-C40-992-A01-993-A01-994-A01-995-A01-996-A-,10,21,56056
1,18,20,1.0,0.9230769230769231,0.10078180081645664,1.0,0.6666666666666666,0.8333333333333334,0.3157894736842105,0.25,0.12765694770084507,4,0.0,0.9473684210526316,0.96,0.88,0.875,0.9333333333333333,0.96,0.88,0.875,0.9333333333333333,0.1282051282051282,0.5,0.2154696132596685,20|1034-C40-1078-A01-1122-A01-1166-A01-1210-A01-1254-A00-1298-B-770-A-814-A01-858-A01-902-A01-946-C40-985-A-986-A01-987-A01-988-A01-989-C40-991-C40-992-A01-993-A01-994-A01-995-A01-996-A-,10,21,56057
1,18,20,1.0,0.9230769230769231,0.10078180081645664,1.0,0.6666666666666666,0.8333333333333334,0.3157894736842105,0.25,0.12765694770084507,4,0.0,0.9473684210526316,0.88,0.8,0.9333333333333333,0.75,0.96,0.88,0.9333333333333333,0.875,0.1282051282051282,0.5,0.2154696132596685,20|1034-C40-1078-A01-1122-A01-1166-A01-1210-A01-1254-A-770-A-814-A01-858-A01-902-A01-946-C40-985-B-986-A00-987-A01-988-A01-989-C40-991-C40-992-A01-993-A01-994-A01-995-A01-996-A01-997-A-,10,21,56058
2,17,20,1.0,0.9166666666666666,0.1324532357065044,0.5,0.625,0.7222222222222222,0.3157894736842105,0.23684210526315788,0.17213259316477408,4,0.1111111111111111,0.8947368421052632,0.72,0.72,0.75,0.7058823529411765,0.8,0.8,0.875,0.7058823529411765,0.15151515151515152,0.3333333333333333,0.25161290322580643,20|1034-C40-1078-A01-1122-A01-1166-A01-1210-A-770-A-814-B0121-815-A01-816-B-858-A01-902-A01-946-C40-986-A-987-A01-988-A01-989-C40-991-C40-992-A01-993-A01-994-A01-995-A01-996-A01-997-A-,10,21,56059
9,10,20,1.0,0.9,0.10078180081645664,0.7142857142857143,0.5714285714285714,0.4444444444444444,0.2631578947368421,0.18421052631578946,0.17213259316477408,4,0.0,0.5263157894736842,0.8,0.64,0.631578947368421,0.6666666666666666,0.8,0.64,0.631578947368421,0.6666666666666666,0.2222222222222222,0.3333333333333333,0.3577981651376147,20|1034-C40-1038-B-1078-A01-1121-A-1122-A01-1164-A-1165-B0121-1166-B001020-1167-B-1209-B-1210-B20-814-B-858-A01-902-A01-946-C40-987-A-988-A01-989-C40-991-C40-992-A01-993-A01-994-B0020-995-B-,10,21,56060
0,19,20,1.0,0.25,0.7894736842105263,0.0,1.0,0.8333333333333334,0.8421052631578947,0.25,1.0,4,0.0,1.0,0.4,0.4,0.34782608695652173,1.0,0.4,0.4,0.34782608695652173,1.0,0.2,1.0,0.312,20|1034-C40-1078-A00-1122-A00-1166-A00-1210-A00-1254-A00-1298-A00-1342-A00-1386-A00-1430-A00-1474-A00-1518-A00-1562-A00-1606-A00-1650-A00-1694-A00-1738-A-902-A-946-C40-988-A-989-C40-991-C40-992-A-,10,21,56061
14,5,20,1.0,0.8888888888888888,0.05263157894736842,0.9,0.7142857142857143,0.2777777777777778,0.21052631578947367,0.15789473684210525,0.10886621079036347,4,0.4444444444444444,0.26315789473684215,0.8,0.64,0.7,0.7368421052631579,0.8,0.72,0.8,0.7368421052631579,0.2777777777777778,0.5,0.43820224719101125,20|1034-C40-1037-B-1078-A00-1079-B-1120-B-1121-B00-1122-B001020-1123-B0020-1124-B-1166-B-814-B-857-A-858-B0021-902-A00-946-C40-949-B-987-B-988-A00-989-C40-991-C40-992-A00-993-B001020-994-B-,10,21,56062
1,18,20,1.0,0.9166666666666666,0.10078180081645664,0.0,1.0,0.6666666666666666,0.2631578947368421,0.2236842105263158,0.12765694770084507,4,0.0,0.9473684210526316,0.8,0.8,0.7058823529411765,0.875,0.88,0.8,0.8235294117647058,0.875,0.15151515151515152,1.0,0.25161290322580643,20|1034-C40-1078-A01-1122-A01-1166-A00-1209-A-1210-B011121-1211-A-1254-A-770-A-814-A01-858-A01-902-A01-946-C40-986-A-987-A01-988-A01-989-C40-991-C40-992-A01-993-A01-994-A01-995-A01-996-A-,10,21,56063
0,19,20,1.0,0.9230769230769231,0.10078180081645664,0.0,1.0,0.8333333333333334,0.3157894736842105,0.25,0.12765694770084507,4,0.0,1.0,0.96,0.88,0.9333333333333333,0.875,0.96,0.88,0.9333333333333333,0.875,0.1282051282051282,1.0,0.2154696132596685,20|1034-C40-1078-A01-1122-A01-1166-A01-1210-A01-1254-A-770-A-814-A01-858-A01-902-A01-946-C40-985-A-986-A01-987-A01-988-A01-989-C41-991-C40-992-A01-993-A01-994-A01-995-A01-996-A01-997-A-,10,21,56064
5,14,20,1.0,0.8333333333333334,0.19218335351058463,0.5,0.35714285714285715,0.7222222222222222,0.3157894736842105,0.23684210526315788,0.17213259316477408,4,0.2222222222222222,0.7368421052631579,0.8,0.4,0.5555555555555556,0.5,0.8,0.64,0.7777777777777778,0.625,0.16666666666666666,0.16666666666666666,0.2746478873239437,20|1031-B21-1032-A-1034-C40-1078-A01-1122-A01-1166-A01-1210-A01-1254-A01-1298-A-814-B-858-B00-902-A00-943-B-946-C40-987-B1020-988-A00-989-C40-991-C40-992-A01-993-A01-994-A01-995-A01-996-A-,10,21,56065
0,8,9,0.45,1.0,0.0,0.0,1.0,0.5714285714285714,0.25,0.25,0.0,4,0.0,1.0,1.0,1.0,1.0,1.0,1.0,1.0,1.0,1.0,0.1836734693877551,1.0,0.4126984126984127,9|187-A-209-A00-231-C40-250-A-251-A00-252-C40-254-C40-255-A00-256-A-275-C40-297-A00-319-A-,10,21,56066
0,16,17,0.85,1.0,0.0,0.0,1.0,0.8,0.25,0.25,0.0,4,0.0,1.0,1.0,1.0,1.0,1.0,1.0,1.0,1.0,1.0,0.14049586776859505,1.0,0.24475524475524477,17|551-A-589-A01-627-A01-665-A01-703-C40-736-A-737-A01-738-A01-739-A01-740-C40-742-C40-743-A01-744-A01-745-A01-746-A-779-C40-817-A01-855-A01-893-A01-931-A-,10,21,56067
0,19,20,1.0,0.9230769230769231,0.10078180081645664,0.0,1.0,0.8333333333333334,0.3157894736842105,0.25,0.12765694770084507,4,0.0,1.0,0.96,0.88,0.875,0.9333333333333333,0.96,0.88,0.875,0.9333333333333333,0.1282051282051282,1.0,0.2154696132596685,20|1034-C40-1078-A01-1122-A01-1166-A01-1210-A01-1254-A01-1298-A-770-A-814-A01-858-A01-902-A01-946-C40-985-A-986-A01-987-A01-988-A01-989-C40-991-C40-992-A01-993-A01-994-A01-995-A01-996-A-,10,21,56068
0,19,20,1.0,0.9230769230769231,0.05263157894736842,0.0,1.0,0.8333333333333334,0.2631578947368421,0.25,0.06666666666666667,4,0.0,1.0,0.96,0.96,1.0,0.9333333333333333,0.96,0.96,1.0,0.9333333333333333,0.1282051282051282,1.0,0.2154696132596685,20|1034-C40-1078-A01-1122-A01-1166-A01-1210-A01-1254-A-726-A-770-A01-814-A01-858-A01-902-A01-946-C40-985-A-986-A01-987-A01-988-A01-989-C40-991-C40-992-A01-993-A01-994-A01-995-A01-996-A-,10,21,56069
0,19,20,1.0,0.7857142857142857,0.17977106606946666,0.0,1.0,0.8333333333333334,0.3684210526315789,0.25,0.2277100170213244,4,0.0,1.0,0.88,0.8,0.8571428571428571,0.8235294117647058,0.88,0.8,0.8571428571428571,0.8235294117647058,0.12987012987012986,1.0,0.21787709497206703,20|1034-C41-1078-A01-1122-A01-1166-A01-1210-A01-1254-A-814-A-858-A01-902-A01-946-C41-985-A-986-A01-987-A01-988-A00-989-C41-991-C41-992-A01-993-A01-994-A01-995-A01-996-A01-997-A01-998-A-,10,21,56070
0,19,20,1.0,0.9230769230769231,0.10078180081645664,0.0,1.0,0.8333333333333334,0.3157894736842105,0.25,0.12765694770084507,4,0.0,1.0,0.96,0.88,0.9333333333333333,0.875,0.96,0.88,0.9333333333333333,0.875,0.1282051282051282,1.0,0.2154696132596685,20|1034-C40-1078-A01-1122-A01-1166-A01-1210-A01-1254-A-770-A-814-A01-858-A01-902-A01-946-C40-985-A-986-A01-987-A01-988-A01-989-C40-991-C40-992-A01-993-A01-994-A01-995-A01-996-A01-997-A-,10,21,56071
5,14,20,1.0,1.0,0.1215474250925528,0.75,0.42857142857142855,0.6666666666666666,0.3157894736842105,0.2236842105263158,0.2,4,0.0,0.7368421052631579,0.72,0.72,0.8235294117647058,0.7058823529411765,0.72,0.88,0.8235294117647058,0.7058823529411765,0.1652892561983471,0.3333333333333333,0.2727272727272727,20|1029-B-1034-C40-1078-A01-1122-A01-1166-A01-1210-A01-1254-A-814-A-858-A01-902-A01-941-B20-942-B-946-C40-984-B-985-B001020-986-A01-987-A01-988-A00-989-C40-991-C40-992-A01-993-A01-994-A-,10,21,56072
0,16,17,0.85,1.0,0.0,0.0,1.0,0.8,0.25,0.25,0.0,4,0.0,1.0,1.0,1.0,1.0,1.0,1.0,1.0,1.0,1.0,0.14049586776859505,1.0,0.24475524475524477,17|551-A-589-A01-627-A01-665-A01-703-C40-736-A-737-A01-738-A01-739-A01-740-C40-742-C40-743-A01-744-A01-745-A01-746-A-779-C40-817-A01-855-A01-893-A01-931-A-,10,21,56073
4,15,20,1.0,0.9230769230769231,0.15789473684210528,1.0,0.3333333333333333,0.8333333333333334,0.3157894736842105,0.25,0.2,4,0.0,0.7894736842105263,0.88,0.64,0.6666666666666666,0.75,0.96,0.8,0.8,0.875,0.1282051282051282,0.2,0.2154696132596685,20|1034-C40-1078-A01-1122-A01-1166-A01-1210-A01-1254-A00-1298-B-814-B-858-A01-902-A01-946-C40-985-B-986-A00-987-A01-988-A01-989-C40-991-C40-992-A01-993-A01-994-A01-995-A01-996-A00-997-B-,10,21,56074
0,19,20,1.0,0.9230769230769231,0.10078180081645664,0.0,1.0,0.8333333333333334,0.3157894736842105,0.25,0.12765694770084507,4,0.0,1.0,0.96,0.88,0.875,0.9333333333333333,0.96,0.88,0.875,0.9333333333333333,0.1282051282051282,1.0,0.2154696132596685,20|1034-C40-1078-A01-1122-A01-1166-A01-1210-A01-1254-A01-1298-A-770-A-814-A01-858-A01-902-A01-946-C40-985-A-986-A01-987-A01-988-A01-989-C40-991-C40-992-A01-993-A01-994-A01-995-A01-996-A-,10,21,56075
1,18,20,1.0,0.5714285714285714,0.2850539791100337,0.0,1.0,0.6666666666666666,0.42105263157894735,0.2236842105263158,0.44053839114664467,4,0.1111111111111111,0.9473684210526316,0.4,0.5,0.7142857142857143,0.45454545454545453,0.48,0.5,0.7142857142857143,0.5454545454545454,0.17857142857142858,1.0,0.291044776119403,20|1031-A01-1034-C40-1075-A01-1078-A-1119-A01-1163-A-858-A-902-A01-943-A-946-C40-986-A-987-B001020-988-A00-989-C40-991-C40-992-A01-993-A01-994-A01-995-A01-996-A01-997-A01-998-A01-999-A-,10,21,56076
10,9,20,1.0,0.9,0.10078180081645664,0.625,0.42857142857142855,0.6666666666666666,0.2631578947368421,0.2236842105263158,0.12765694770084507,4,0.1111111111111111,0.4736842105263158,0.56,0.64,0.631578947368421,0.4444444444444444,0.72,0.72,0.7368421052631579,0.5555555555555556,0.2222222222222222,0.3333333333333333,0.3577981651376147,20|1034-C40-1037-A-1038-B21-1078-A01-1122-A01-1166-A00-1209-B-1210-B20-814-B20-815-B-858-A01-902-A01-943-B-946-C40-950-B-987-B20-988-A01-989-C41-991-C40-992-A01-993-A01-994-B001020-995-B-,10,21,56077
7,12,20,1.0,0.7272727272727273,0.1324532357065044,0.5,0.35714285714285715,0.7222222222222222,0.3157894736842105,0.23684210526315788,0.17213259316477408,4,0.1111111111111111,0.631578947368421,0.48,0.56,0.6,0.47058823529411764,0.64,0.72,0.7,0.5882352941176471,0.22727272727272727,0.16666666666666666,0.3644859813084112,20|1034-C40-1038-A01-1078-A01-1082-A-1122-A01-1166-A01-1210-A01-1254-B20-1255-B-814-B20-815-B-858-A01-902-A01-943-B-946-C40-950-A-987-B20-988-A01-989-C41-991-C40-992-A01-993-A01-994-B1121-,10,21,56078
12,7,20,1.0,0.8181818181818182,0.13589415249850587,0.8888888888888888,0.6428571428571429,0.3333333333333333,0.2631578947368421,0.18421052631578946,0.17213259316477408,4,0.1111111111111111,0.368421052631579,0.72,0.56,0.5263157894736842,0.7058823529411765,0.8,0.64,0.631578947368421,0.7058823529411765,0.20202020202020202,0.3333333333333333,0.3277310924369748,20|1034-C40-1038-B-1078-A01-1122-A01-1165-B-1166-B001020-1167-B-1209-B-1210-B0020-1254-B-814-B-857-B-858-B0020-902-A00-946-C40-987-A-988-A01-989-C40-991-C40-992-A01-993-A01-994-B0020-995-B-,10,21,56079
2,17,20,1.0,0.8461538461538461,0.13589415249850587,0.5,0.625,0.7222222222222222,0.3157894736842105,0.23684210526315788,0.17213259316477408,4,0.0,0.8947368421052632,0.88,0.8,0.8235294117647058,0.8,0.88,0.8,0.8235294117647058,0.8,0.13986013986013987,0.3333333333333333,0.23353293413173654,20|1034-C40-1078-A01-1122-A01-1166-A01-1210-A01-1254-B0121-1255-A-1298-A-770-A-814-A01-858-A01-902-A01-946-C40-986-A-987-A01-988-A01-989-C40-991-C40-992-A01-993-A01-994-A01-995-A01-996-B-,10,21,56080
0,19,20,1.0,0.9230769230769231,0.10078180081645664,0.0,1.0,0.8333333333333334,0.3157894736842105,0.25,0.12765694770084507,4,0.0,1.0,0.96,0.88,0.875,0.9333333333333333,0.96,0.88,0.875,0.9333333333333333,0.1282051282051282,1.0,0.2154696132596685,20|1034-C40-1078-A01-1122-A01-1166-A01-1210-A01-1254-A01-1298-A-770-A-814-A01-858-A01-902-A01-946-C40-985-A-986-A01-987-A01-988-A01-989-C40-991-C40-992-A01-993-A01-994-A01-995-A01-996-A-,10,21,56081
2,17,20,1.0,0.8461538461538461,0.13589415249850587,0.5,0.625,0.7222222222222222,0.3157894736842105,0.23684210526315788,0.17213259316477408,4,0.0,0.8947368421052632,0.88,0.8,0.8235294117647058,0.8,0.88,0.8,0.8235294117647058,0.8,0.13986013986013987,0.3333333333333333,0.23353293413173654,20|1034-C40-1078-A01-1122-A01-1166-A01-1210-A01-1254-B0121-1255-A-1298-A-770-A-814-A01-858-A01-902-A01-946-C40-986-A-987-A01-988-A01-989-C40-991-C40-992-A01-993-A01-994-A01-995-A01-996-B-,10,21,56082
11,8,20,1.0,0.8181818181818182,0.13589415249850587,0.875,0.5714285714285714,0.4444444444444444,0.2631578947368421,0.18421052631578946,0.17213259316477408,4,0.1111111111111111,0.42105263157894735,0.72,0.56,0.631578947368421,0.5882352941176471,0.8,0.64,0.631578947368421,0.7058823529411765,0.20202020202020202,0.3333333333333333,0.3277310924369748,20|1034-C40-1078-A01-1122-A01-1123-A-1165-B-1166-B001020-1167-B11-1210-B0010-1211-B-1254-B-814-B-858-A01-902-A01-946-C40-950-B-987-B-988-A01-989-C41-991-C40-992-A01-993-A01-994-B0010-995-B-,10,21,56083
3,16,20,1.0,0.8333333333333334,0.08594700851870801,0.3333333333333333,0.5,0.7222222222222222,0.3157894736842105,0.23684210526315788,0.17213259316477408,4,0.0,0.8421052631578947,0.8,0.8,0.75,0.7777777777777778,0.8,0.8,0.75,0.7777777777777778,0.16666666666666666,0.25,0.2746478873239437,20|1034-C40-1039-A01-1078-A01-1083-A-1122-A01-1166-A00-1210-B-814-A-858-A01-902-A01-941-A-946-C40-985-B21-986-A00-987-A01-988-A01-989-C40-991-C40-992-A01-993-A01-994-A00-995-B0121-996-A-,10,21,56084
0,19,20,1.0,0.9230769230769231,0.10078180081645664,0.0,1.0,0.8333333333333334,0.3157894736842105,0.25,0.12765694770084507,4,0.0,1.0,0.88,0.96,0.9333333333333333,0.875,0.88,0.96,0.9333333333333333,0.875,0.1282051282051282,1.0,0.2154696132596685,20|1034-C40-1078-A01-1122-A01-1166-A01-1210-A-726-A-770-A01-814-A01-858-A01-902-A01-946-C40-985-A-986-A01-987-A01-988-A01-989-C40-991-C40-992-A01-993-A01-994-A01-995-A01-996-A01-997-A-,10,21,56085
0,19,20,1.0,0.9230769230769231,0.05263157894736842,0.0,1.0,0.8333333333333334,0.2631578947368421,0.25,0.06666666666666667,4,0.0,1.0,0.96,0.96,1.0,0.9333333333333333,0.96,0.96,1.0,0.9333333333333333,0.1282051282051282,1.0,0.2154696132596685,20|1034-C40-1078-A01-1122-A01-1166-A01-1210-A01-1254-A-726-A-770-A01-814-A01-858-A01-902-A01-946-C40-985-A-986-A01-987-A01-988-A01-989-C40-991-C40-992-A01-993-A01-994-A01-995-A01-996-A-,10,21,56086
9,10,20,1.0,0.6153846153846154,0.17977106606946666,0.7142857142857143,0.35714285714285715,0.7222222222222222,0.3684210526315789,0.23684210526315788,0.27755546659548436,4,0.1111111111111111,0.5263157894736842,0.48,0.48,0.6,0.5333333333333333,0.64,0.64,0.7,0.6666666666666666,0.19230769230769232,0.16666666666666666,0.312,20|1034-C40-1078-A01-1122-A01-1166-A01-1210-A01-1254-B0020-1255-B-1298-B20-1299-B-770-B20-771-B-814-A00-858-A01-902-A01-942-B-946-C40-986-B20-987-A01-988-A01-989-C40-991-C40-992-A00-993-B-,10,21,56087
0,19,20,1.0,0.9230769230769231,0.10078180081645664,0.0,1.0,0.8333333333333334,0.3157894736842105,0.25,0.12765694770084507,4,0.0,1.0,0.96,0.88,0.875,0.9333333333333333,0.96,0.88,0.875,0.9333333333333333,0.1282051282051282,1.0,0.2154696132596685,20|1034-C40-1078-A01-1122-A01-1166-A01-1210-A01-1254-A01-1298-A-770-A-814-A01-858-A01-902-A01-946-C40-985-A-986-A01-987-A01-988-A01-989-C40-991-C40-992-A01-993-A01-994-A01-995-A01-996-A-,10,21,56088
5,14,20,1.0,0.9090909090909091,0.10078180081645664,0.5,0.35714285714285715,0.7222222222222222,0.3157894736842105,0.23684210526315788,0.17213259316477408,4,0.0,0.7368421052631579,0.64,0.72,0.7058823529411765,0.5555555555555556,0.72,0.8,0.7058823529411765,0.6666666666666666,0.18181818181818182,0.16666666666666666,0.29770992366412213,20|1034-C40-1078-A01-1122-A01-1165-A-1166-B21-770-A-814-B0121-815-A01-816-A-858-A01-902-A01-946-C40-952-B-986-B-987-A01-988-A01-989-C40-991-C40-992-A01-993-A01-994-A01-995-A01-996-B20-,10,21,56089
0,19,20,1.0,0.9230769230769231,0.10078180081645664,0.0,1.0,0.8333333333333334,0.3157894736842105,0.25,0.12765694770084507,4,0.0,1.0,0.96,0.88,0.875,0.9333333333333333,0.96,0.88,0.875,0.9333333333333333,0.1282051282051282,1.0,0.2154696132596685,20|1034-C40-1078-A01-1122-A01-1166-A01-1210-A01-1254-A01-1298-A-770-A-814-A01-858-A01-902-A01-946-C40-985-A-986-A01-987-A01-988-A01-989-C40-991-C40-992-A01-993-A01-994-A01-995-A01-996-A-,10,21,56090
0,19,20,1.0,0.9230769230769231,0.10078180081645664,0.0,1.0,0.8333333333333334,0.3157894736842105,0.25,0.12765694770084507,4,0.0,1.0,0.96,0.88,0.875,0.9333333333333333,0.96,0.88,0.875,0.9333333333333333,0.1282051282051282,1.0,0.2154696132596685,20|1034-C40-1078-A01-1122-A01-1166-A01-1210-A01-1254-A01-1298-A-770-A-814-A01-858-A01-902-A01-946-C40-985-A-986-A01-987-A01-988-A01-989-C40-991-C40-992-A01-993-A01-994-A01-995-A01-996-A-,10,21,56091
1,18,20,1.0,0.9230769230769231,0.10078180081645664,1.0,0.6666666666666666,0.8333333333333334,0.3157894736842105,0.25,0.12765694770084507,4,0.0,0.9473684210526316,0.96,0.88,0.875,0.9333333333333333,0.96,0.88,0.875,0.9333333333333333,0.1282051282051282,0.5,0.2154696132596685,20|1034-C40-1078-A01-1122-A01-1166-A01-1210-A01-1254-A00-1298-B-770-A-814-A01-858-A01-902-A01-946-C40-985-A-986-A01-987-A01-988-A01-989-C40-991-C40-992-A01-993-A01-994-A01-995-A01-996-A-,10,21,56092
7,12,20,1.0,0.9090909090909091,0.10078180081645664,0.6666666666666666,0.5,0.5555555555555556,0.2631578947368421,0.19736842105263158,0.12765694770084507,4,0.0,0.631578947368421,0.64,0.72,0.8235294117647058,0.5555555555555556,0.72,0.8,0.8235294117647058,0.6666666666666666,0.18181818181818182,0.3333333333333333,0.29770992366412213,20|1034-C40-1037-A-1038-B21-1039-B-1078-A01-1122-A01-1166-A-770-B-814-A00-858-A01-902-A01-946-C40-950-B-986-A-987-A01-988-A01-989-C40-991-C40-992-A01-993-A01-994-B001020-995-B0020-996-B-,10,21,56093
0,19,20,1.0,0.9230769230769231,0.10078180081645664,0.0,1.0,0.8333333333333334,0.3157894736842105,0.25,0.12765694770084507,4,0.0,1.0,0.96,0.88,0.875,0.9333333333333333,0.96,0.88,0.875,0.9333333333333333,0.1282051282051282,1.0,0.2154696132596685,20|1034-C40-1078-A01-1122-A01-1166-A01-1210-A01-1254-A01-1298-A-770-A-814-A01-858-A01-902-A01-946-C40-985-A-986-A01-987-A01-988-A01-989-C40-991-C40-992-A01-993-A01-994-A01-995-A01-996-A-,10,21,56094
0,19,20,1.0,0.9230769230769231,0.05263157894736842,0.0,1.0,0.8333333333333334,0.2631578947368421,0.25,0.06666666666666667,4,0.0,1.0,0.96,0.96,1.0,0.9333333333333333,0.96,0.96,1.0,0.9333333333333333,0.1282051282051282,1.0,0.2154696132596685,20|1034-C40-1078-A01-1122-A01-1166-A01-1210-A01-1254-A-726-A-770-A01-814-A01-858-A01-902-A01-946-C40-985-A-986-A01-987-A01-988-A01-989-C40-991-C40-992-A01-993-A01-994-A01-995-A01-996-A-,10,21,56095
5,14,20,1.0,0.8888888888888888,0.10078180081645664,0.5,0.5714285714285714,0.5,0.2631578947368421,0.18421052631578946,0.17213259316477408,4,0.4444444444444444,0.7368421052631579,0.8333333333333334,0.56,0.6,0.631578947368421,0.8333333333333334,0.64,0.6,0.7368421052631579,0.2777777777777778,0.5,0.43820224719101125,20|1034-C40-1037-A-1078-A00-1121-A-1122-B011121-1123-A01-1124-A01-1125-A-1166-A01-1210-A-858-B-902-A00-905-A-943-B-946-C40-949-A00-987-B10-988-A00-989-C40-991-C40-992-A00-993-B011121-994-A-,10,21,56096
7,12,20,1.0,0.9090909090909091,0.10078180081645664,0.6666666666666666,0.5,0.5555555555555556,0.2631578947368421,0.19736842105263158,0.12765694770084507,4,0.1111111111111111,0.631578947368421,0.8,0.72,0.6666666666666666,0.7058823529411765,0.88,0.72,0.6666666666666666,0.8235294117647058,0.18181818181818182,0.3333333333333333,0.29770992366412213,20|1034-C40-1038-B-1078-A01-1121-A-1122-A01-1165-B21-1166-B011120-1167-A-1210-A01-1254-B-814-B-858-A01-902-A01-946-C40-986-B-987-A01-988-A01-989-C40-991-C40-992-A01-993-A01-994-B0120-995-A-,10,21,56097
9,10,20,1.0,0.8333333333333334,0.08594700851870801,0.8571428571428571,0.42857142857142855,0.6111111111111112,0.2631578947368421,0.2236842105263158,0.06666666666666667,4,0.0,0.5263157894736842,0.64,0.8,0.625,0.6666666666666666,0.8,0.8,0.75,0.7777777777777778,0.16666666666666666,0.16666666666666666,0.2746478873239437,20|1034-C40-1038-B-1078-A01-1122-A01-1166-A00-1210-B-814-B20-815-B-858-A01-902-A01-941-B-946-C40-984-B-985-B0020-986-A01-987-A01-988-A00-989-C40-991-C40-992-A01-993-A01-994-B0020-995-B-,10,21,56098
8,11,20,1.0,0.9090909090909091,0.10078180081645664,0.6666666666666666,0.35714285714285715,0.7222222222222222,0.3157894736842105,0.23684210526315788,0.17213259316477408,4,0.0,0.5789473684210527,0.72,0.64,0.7058823529411765,0.5555555555555556,0.8,0.72,0.7058823529411765,0.6666666666666666,0.18181818181818182,0.16666666666666666,0.29770992366412213,20|1034-C40-1038-B-1078-A00-1122-A01-1166-A-770-B20-771-B-814-A00-858-A01-902-A01-941-B20-942-B-946-C40-984-B-985-B0020-986-A00-987-A01-988-A01-989-C40-991-C40-992-A01-993-A01-994-B20-,10,21,56099
7,12,20,1.0,1.0,0.08594700851870801,0.6666666666666666,0.35714285714285715,0.7222222222222222,0.3157894736842105,0.23684210526315788,0.17213259316477408,4,0.0,0.631578947368421,0.72,0.64,0.7058823529411765,0.5882352941176471,0.8,0.8,0.8235294117647058,0.7058823529411765,0.1652892561983471,0.16666666666666666,0.2727272727272727,20|1034-C40-1078-A01-1122-A01-1166-A01-1210-A-770-B20-771-B-814-A01-858-A01-902-A00-941-B20-942-B-946-C40-984-B-985-B0020-986-A01-987-A01-988-A00-989-C40-991-C40-992-A01-993-A01-994-B-,10,21,56100
0,19,20,1.0,0.9230769230769231,0.10078180081645664,0.0,1.0,0.8333333333333334,0.3157894736842105,0.25,0.12765694770084507,4,0.0,1.0,0.96,0.88,0.875,0.9333333333333333,0.96,0.88,0.875,0.9333333333333333,0.1282051282051282,1.0,0.2154696132596685,20|1034-C40-1078-A01-1122-A01-1166-A01-1210-A01-1254-A01-1298-A-770-A-814-A01-858-A01-902-A01-946-C40-985-A-986-A01-987-A01-988-A01-989-C40-991-C40-992-A01-993-A01-994-A01-995-A01-996-A-,10,22,56101
0,19,20,1.0,0.9230769230769231,0.10078180081645664,0.0,1.0,0.8333333333333334,0.3157894736842105,0.25,0.12765694770084507,4,0.0,1.0,0.96,0.88,0.875,0.9333333333333333,0.96,0.88,0.875,0.9333333333333333,0.1282051282051282,1.0,0.2154696132596685,20|1034-C40-1078-A01-1122-A01-1166-A01-1210-A01-1254-A01-1298-A-770-A-814-A01-858-A01-902-A01-946-C40-985-A-986-A01-987-A01-988-A01-989-C40-991-C40-992-A01-993-A01-994-A01-995-A01-996-A-,10,22,56102
8,11,20,1.0,0.8181818181818182,0.13589415249850587,0.6666666666666666,0.5714285714285714,0.4444444444444444,0.2631578947368421,0.18421052631578946,0.17213259316477408,4,0.0,0.5789473684210527,0.8,0.64,0.631578947368421,0.7058823529411765,0.8,0.64,0.631578947368421,0.7058823529411765,0.20202020202020202,0.3333333333333333,0.3277310924369748,20|1034-C40-1038-B-1078-A01-1121-A-1122-A01-1165-B20-1166-B001020-1167-B-1209-A-1210-B0121-1254-A-814-B-858-A01-902-A01-946-C40-987-A-988-A01-989-C40-991-C40-992-A01-993-A01-994-B0020-995-B-,10,22,56103
3,16,20,1.0,0.9166666666666666,0.10078180081645664,0.6666666666666666,0.5,0.7222222222222222,0.3157894736842105,0.23684210526315788,0.17213259316477408,4,0.0,0.8421052631578947,0.88,0.8,0.8235294117647058,0.75,0.88,0.8,0.8235294117647058,0.875,0.15151515151515152,0.25,0.25161290322580643,20|1034-C40-1078-A01-1122-A01-1166-A01-1210-A01-1253-B-1254-B1021-1255-A-770-A-814-A01-858-A01-902-A01-946-C40-986-A-987-A01-988-A01-989-C40-991-C40-992-A01-993-A01-994-A01-995-A01-996-B-,10,22,56104
4,15,20,1.0,0.9,0.05263157894736842,0.5,0.6666666666666666,0.5,0.2631578947368421,0.19736842105263158,0.12765694770084507,4,0.1111111111111111,0.7894736842105263,0.56,0.5833333333333334,0.7368421052631579,0.4444444444444444,0.72,0.75,0.7368421052631579,0.6666666666666666,0.2222222222222222,0.6,0.3577981651376147,20|1034-C40-1037-B-1078-A01-1122-A01-1166-A-770-A-814-A01-858-A01-861-A-902-A01-905-A01-946-C40-948-A-949-B011121-950-A-986-A-987-A01-988-A01-989-C40-991-C40-992-A00-993-B001020-994-B-,10,22,56105
0,19,20,1.0,0.9230769230769231,0.05263157894736842,0.0,1.0,0.8333333333333334,0.2631578947368421,0.25,0.06666666666666667,4,0.0,1.0,0.96,0.96,1.0,0.9333333333333333,0.96,0.96,1.0,0.9333333333333333,0.1282051282051282,1.0,0.2154696132596685,20|1034-C40-1078-A01-1122-A01-1166-A01-1210-A01-1254-A-726-A-770-A01-814-A01-858-A01-902-A01-946-C40-985-A-986-A01-987-A01-988-A01-989-C40-991-C40-992-A01-993-A01-994-A01-995-A01-996-A-,10,22,56106
0,19,20,1.0,0.9230769230769231,0.10078180081645664,0.0,1.0,0.8333333333333334,0.3157894736842105,0.25,0.12765694770084507,4,0.0,1.0,0.96,0.88,0.875,0.9333333333333333,0.96,0.88,0.875,0.9333333333333333,0.1282051282051282,1.0,0.2154696132596685,20|1034-C40-1078-A01-1122-A01-1166-A01-1210-A01-1254-A01-1298-A-770-A-814-A01-858-A01-902-A01-946-C40-985-A-986-A01-987-A01-988-A01-989-C40-991-C40-992-A01-993-A01-994-A01-995-A01-996-A-,10,22,56107
2,17,20,1.0,0.8461538461538461,0.13589415249850587,0.5,0.625,0.7222222222222222,0.3157894736842105,0.23684210526315788,0.17213259316477408,4,0.0,0.8947368421052632,0.88,0.8,0.8235294117647058,0.8,0.88,0.8,0.8235294117647058,0.8,0.13986013986013987,0.3333333333333333,0.23353293413173654,20|1034-C40-1078-A01-1122-A01-1166-A01-1210-A01-1254-B0121-1255-A-1298-A-770-A-814-A01-858-A01-902-A01-946-C40-986-A-987-A01-988-A01-989-C40-991-C40-992-A01-993-A01-994-A01-995-A01-996-B-,10,22,56108
5,14,20,1.0,0.6,0.1823211376388292,0.25,0.6428571428571429,0.3888888888888889,0.3157894736842105,0.14473684210526316,0.2956474376811127,4,0.0,0.7368421052631579,0.48,0.48,0.6666666666666666,0.45454545454545453,0.48,0.48,0.6666666666666666,0.45454545454545453,0.3333333333333333,0.5,0.5131578947368421,20|1034-C40-1038-B-1039-A-1078-A-858-A-902-A00-906-A-907-A-946-C40-948-A-949-A01-950-B0121-951-A01-952-A-987-A-988-A00-989-C40-991-C40-992-A00-993-A00-994-B001020-995-B001120-996-B20-,10,22,56109
6,13,20,1.0,1.0,0.0607737125462764,0.6,0.5,0.5555555555555556,0.2631578947368421,0.19736842105263158,0.12765694770084507,4,0.0,0.6842105263157895,0.72,0.64,0.5555555555555556,0.7777777777777778,0.8,0.72,0.6666666666666666,0.7777777777777778,0.2,0.3333333333333333,0.325,20|1034-C40-1078-A01-1121-A-1122-A01-1164-A-1165-B0121-1166-B001020-1167-B-1209-B-1210-B20-814-A-858-A01-902-A01-946-C40-986-A-987-A01-988-A01-989-C40-991-C40-992-A01-993-A01-994-A00-995-B-,10,22,56110
0,19,20,1.0,0.9230769230769231,0.05263157894736842,0.0,1.0,0.8333333333333334,0.2631578947368421,0.25,0.06666666666666667,4,0.0,1.0,0.96,0.96,1.0,0.9333333333333333,0.96,0.96,1.0,0.9333333333333333,0.1282051282051282,1.0,0.2154696132596685,20|1034-C40-1078-A01-1122-A01-1166-A01-1210-A01-1254-A-726-A-770-A01-814-A01-858-A01-902-A01-946-C40-985-A-986-A01-987-A01-988-A01-989-C40-991-C40-992-A01-993-A01-994-A01-995-A01-996-A-,10,22,56111
0,19,20,1.0,0.9230769230769231,0.05263157894736842,0.0,1.0,0.8333333333333334,0.2631578947368421,0.25,0.06666666666666667,4,0.0,1.0,0.96,0.96,0.9333333333333333,1.0,0.96,0.96,0.9333333333333333,1.0,0.1282051282051282,1.0,0.2154696132596685,20|1034-C40-1078-A00-1122-A00-1166-A00-1210-A00-1254-A-770-A-814-A00-858-A00-902-A00-946-C40-984-A-985-A00-986-A00-987-A00-988-A00-989-C40-991-C40-992-A00-993-A00-994-A00-995-A00-996-A-,10,22,56112
1,18,20,1.0,0.9230769230769231,0.10078180081645664,1.0,0.6666666666666666,0.8333333333333334,0.3157894736842105,0.25,0.12765694770084507,4,0.0,0.9473684210526316,0.96,0.88,0.875,0.9333333333333333,0.96,0.88,0.875,0.9333333333333333,0.1282051282051282,0.5,0.2154696132596685,20|1034-C40-1078-A01-1122-A01-1166-A01-1210-A01-1254-A00-1298-B-770-A-814-A01-858-A01-902-A01-946-C40-985-A-986-A01-987-A01-988-A01-989-C40-991-C40-992-A01-993-A01-994-A01-995-A01-996-A-,10,22,56113
4,15,20,1.0,0.9166666666666666,0.10078180081645664,0.5,0.4166666666666667,0.7222222222222222,0.3157894736842105,0.23684210526315788,0.17213259316477408,4,0.0,0.7894736842105263,0.8,0.72,0.75,0.7058823529411765,0.8,0.88,0.75,0.8235294117647058,0.15151515151515152,0.2,0.25161290322580643,20|1034-C40-1078-A01-1122-A01-1166-A01-1210-A01-1254-A-814-A-858-A01-902-A01-941-B20-942-B-946-C40-984-B-985-B0020-986-A00-987-A01-988-A01-989-C40-991-C40-992-A01-993-A01-994-A01-995-A-,10,22,56114
0,19,20,1.0,0.9230769230769231,0.10078180081645664,0.0,1.0,0.8333333333333334,0.3157894736842105,0.25,0.12765694770084507,4,0.0,1.0,0.96,0.88,0.875,0.9333333333333333,0.96,0.88,0.875,0.9333333333333333,0.1282051282051282,1.0,0.2154696132596685,20|1034-C40-1078-A01-1122-A01-1166-A01-1210-A01-1254-A01-1298-A-770-A-814-A01-858-A01-902-A01-946-C40-985-A-986-A01-987-A01-988-A01-989-C40-991-C40-992-A01-993-A01-994-A01-995-A01-996-A-,10,22,56115
0,19,20,1.0,0.9230769230769231,0.10078180081645664,0.0,1.0,0.8333333333333334,0.3157894736842105,0.25,0.12765694770084507,4,0.0,1.0,0.96,0.88,0.9333333333333333,0.875,0.96,0.88,0.9333333333333333,0.875,0.1282051282051282,1.0,0.2154696132596685,20|1034-C40-1078-A01-1122-A01-1166-A01-1210-A01-1254-A-770-A-814-A01-858-A01-902-A01-946-C40-985-A-986-A01-987-A01-988-A01-989-C40-991-C40-992-A01-993-A01-994-A01-995-A01-996-A01-997-A-,10,22,56116
15,4,20,1.0,0.9,0.10078180081645664,0.7272727272727273,0.5714285714285714,0.4444444444444444,0.2631578947368421,0.18421052631578946,0.17213259316477408,4,0.4444444444444444,0.21052631578947367,0.8333333333333334,0.64,0.5555555555555556,0.7368421052631579,0.8333333333333334,0.64,0.5555555555555556,0.7368421052631579,0.2222222222222222,0.3333333333333333,0.3577981651376147,20|1034-C40-1078-A00-1079-B-1121-B-1122-B001020-1123-B0020-1124-B00-1125-B-1166-B00-1210-B-858-B-902-A00-946-C40-949-B-986-B-987-B00-988-A00-989-C40-991-C40-992-A00-993-B0020-994-B00-995-B-,10,22,56117
0,19,20,1.0,0.9230769230769231,0.10078180081645664,0.0,1.0,0.8333333333333334,0.3157894736842105,0.25,0.12765694770084507,4,0.0,1.0,0.96,0.88,0.875,0.9333333333333333,0.96,0.88,0.875,0.9333333333333333,0.1282051282051282,1.0,0.2154696132596685,20|1034-C40-1078-A01-1122-A01-1166-A01-1210-A01-1254-A01-1298-A-770-A-814-A01-858-A01-902-A01-946-C40-985-A-986-A01-987-A01-988-A01-989-C40-991-C40-992-A01-993-A01-994-A01-995-A01-996-A-,10,22,56118
8,11,20,1.0,0.9,0.10078180081645664,0.6666666666666666,0.6428571428571429,0.3888888888888889,0.2631578947368421,0.18421052631578946,0.17213259316477408,4,0.1111111111111111,0.5789473684210527,0.64,0.56,0.7368421052631579,0.5555555555555556,0.8,0.64,0.7368421052631579,0.6666666666666666,0.2222222222222222,0.5,0.3577981651376147,20|1034-C40-1037-A-1078-A00-1122-A00-1165-A-1166-B001121-1167-A-1210-B20-1211-B-814-B-858-A01-902-A01-946-C40-949-A-950-B-987-A-988-A01-989-C40-991-C40-992-A00-993-B001121-994-B0020-995-B-,10,22,56119
15,4,20,1.0,0.6666666666666666,0.19925994195790434,0.7272727272727273,0.7142857142857143,0.3333333333333333,0.3157894736842105,0.13157894736842105,0.31739681904634887,4,0.2222222222222222,0.21052631578947367,0.5,0.4,0.36363636363636365,0.631578947368421,0.5,0.4,0.36363636363636365,0.631578947368421,0.37037037037037035,0.6666666666666666,0.5652173913043478,20|1034-C40-1078-A00-1079-B-1080-B-1121-B-1122-B001020-1123-B001020-1124-B20-1166-B00-1167-B20-1168-B-1209-B-1210-B001020-1211-B00-1212-B-1254-B-902-A-946-C40-988-A-989-C40-991-C40-992-A00-993-B-,10,22,56120
7,12,20,1.0,0.8333333333333334,0.08594700851870801,0.6666666666666666,0.35714285714285715,0.7222222222222222,0.3157894736842105,0.23684210526315788,0.17213259316477408,4,0.0,0.631578947368421,0.8,0.8,0.7777777777777778,0.75,0.8,0.8,0.7777777777777778,0.75,0.16666666666666666,0.16666666666666666,0.2746478873239437,20|1034-C40-1039-B-1078-A01-1122-A01-1166-A00-1208-B-1209-B00-1210-B0020-1254-B-770-B-814-A00-858-A01-902-A01-946-C40-986-A-987-A01-988-A01-989-C40-991-C40-992-A01-993-A01-994-A00-995-B20-,10,22,56121
3,16,20,1.0,0.8333333333333334,0.08594700851870801,0.3333333333333333,0.5,0.7222222222222222,0.3157894736842105,0.23684210526315788,0.17213259316477408,4,0.0,0.8421052631578947,0.8,0.8,0.7777777777777778,0.75,0.8,0.8,0.7777777777777778,0.75,0.16666666666666666,0.25,0.2746478873239437,20|1034-C40-1039-A-1078-A01-1122-A01-1166-A00-1208-A-1209-A01-1210-B0121-1254-A-770-B-814-A00-858-A01-902-A01-946-C40-986-A-987-A01-988-A01-989-C40-991-C40-992-A01-993-A01-994-A00-995-B21-,10,22,56122
0,19,20,1.0,0.9230769230769231,0.05263157894736842,0.0,1.0,0.8333333333333334,0.2631578947368421,0.25,0.06666666666666667,4,0.0,1.0,0.96,0.96,1.0,0.9333333333333333,0.96,0.96,1.0,0.9333333333333333,0.1282051282051282,1.0,0.2154696132596685,20|1034-C40-1078-A00-1122-A00-1166-A00-1210-A00-1254-A-726-A-770-A00-814-A00-858-A00-902-A00-946-C40-985-A-986-A00-987-A00-988-A00-989-C40-991-C40-992-A00-993-A00-994-A00-995-A00-996-A-,10,22,56123
2,17,20,1.0,1.0,0.13589415249850587,0.5,0.625,0.7222222222222222,0.3157894736842105,0.23684210526315788,0.17213259316477408,4,0.0,0.8947368421052632,0.88,0.8,0.875,0.75,0.88,0.8,0.875,0.75,0.1388888888888889,0.3333333333333333,0.23214285714285715,20|1034-C40-1078-A01-1122-A01-1166-A01-1210-A01-1254-B-770-A-814-A01-858-A01-902-A01-946-C40-952-A-986-A-987-A01-988-A01-989-C40-991-C40-992-A01-993-A01-994-A01-995-A01-996-B0121-997-A-,10,22,56124
1,18,20,1.0,0.9230769230769231,0.10078180081645664,1.0,0.6666666666666666,0.8333333333333334,0.3157894736842105,0.25,0.12765694770084507,4,0.0,0.9473684210526316,0.96,0.88,0.875,0.9333333333333333,0.96,0.88,0.875,0.9333333333333333,0.1282051282051282,0.5,0.2154696132596685,20|1034-C40-1078-A01-1122-A01-1166-A01-1210-A01-1254-A00-1298-B-770-A-814-A01-858-A01-902-A01-946-C40-985-A-986-A01-987-A01-988-A01-989-C40-991-C40-992-A01-993-A01-994-A01-995-A01-996-A-,10,22,56125
3,16,20,1.0,0.8333333333333334,0.08594700851870801,0.3333333333333333,0.5,0.7222222222222222,0.3157894736842105,0.23684210526315788,0.17213259316477408,4,0.0,0.8421052631578947,0.8,0.8,0.7777777777777778,0.75,0.8,0.8,0.7777777777777778,0.75,0.16666666666666666,0.25,0.2746478873239437,20|1034-C40-1039-A-1078-A01-1122-A01-1166-A00-1208-A-1209-A01-1210-B0121-1254-A-770-B-814-A00-858-A01-902-A01-946-C40-986-A-987-A01-988-A01-989-C40-991-C40-992-A01-993-A01-994-A00-995-B21-,10,22,56126
3,16,20,1.0,0.8461538461538461,0.13589415249850587,0.6666666666666666,0.5,0.7222222222222222,0.3157894736842105,0.23684210526315788,0.17213259316477408,4,0.0,0.8421052631578947,0.88,0.8,0.8235294117647058,0.8,0.88,0.8,0.8235294117647058,0.8,0.13986013986013987,0.25,0.23353293413173654,20|1034-C40-1078-A01-1122-A01-1166-A01-1210-A01-1254-B0021-1255-A-1298-B-770-A-814-A01-858-A01-902-A01-946-C40-986-A-987-A01-988-A01-989-C40-991-C40-992-A01-993-A01-994-A01-995-A01-996-B-,10,22,56127
3,16,20,1.0,0.6,0.31578947368421056,0.6666666666666666,0.4,0.8333333333333334,0.47368421052631576,0.25,0.3829708431025352,4,0.0,0.8421052631578947,0.64,0.64,0.9230769230769231,0.5263157894736842,0.72,0.72,0.9230769230769231,0.631578947368421,0.14814814814814814,0.25,0.24528301886792453,20|1000-A-1034-C40-1078-A01-1122-A01-1165-A-1166-B21-814-B-858-A01-902-A01-946-C40-986-B-987-A01-988-A01-989-C40-991-C40-992-A01-993-A01-994-A01-995-A01-996-A01-997-A01-998-A01-999-A01-,10,22,56128
10,9,20,1.0,1.0,0.1215474250925528,0.75,0.42857142857142855,0.6111111111111112,0.2631578947368421,0.2236842105263158,0.12765694770084507,4,0.1111111111111111,0.4736842105263158,0.8,0.48,0.5882352941176471,0.47058823529411764,0.88,0.72,0.7058823529411765,0.7058823529411765,0.1652892561983471,0.16666666666666666,0.2727272727272727,20|1034-C40-1078-A01-1122-A01-1166-A00-1209-B-1210-B0020-1254-B-814-B20-815-B-858-A01-902-A01-943-B-946-C40-986-B-987-B0020-988-A01-989-C41-991-C40-992-A01-993-A01-994-A00-995-B00-996-B-,10,22,56129
1,18,20,1.0,0.9230769230769231,0.10078180081645664,1.0,0.6666666666666666,0.8333333333333334,0.3157894736842105,0.25,0.12765694770084507,4,0.0,0.9473684210526316,0.96,0.88,0.875,0.9333333333333333,0.96,0.88,0.875,0.9333333333333333,0.1282051282051282,0.5,0.2154696132596685,20|1034-C40-1078-A01-1122-A01-1166-A01-1210-A01-1254-A00-1298-B-770-A-814-A01-858-A01-902-A01-946-C40-985-A-986-A01-987-A01-988-A01-989-C40-991-C40-992-A01-993-A01-994-A01-995-A01-996-A-,10,22,56130
0,19,20,1.0,0.9230769230769231,0.10078180081645664,0.0,1.0,0.8333333333333334,0.3157894736842105,0.25,0.12765694770084507,4,0.0,1.0,0.96,0.88,0.875,0.9333333333333333,0.96,0.88,0.875,0.9333333333333333,0.1282051282051282,1.0,0.2154696132596685,20|1034-C40-1078-A01-1122-A01-1166-A01-1210-A01-1254-A01-1298-A-770-A-814-A01-858-A01-902-A01-946-C40-985-A-986-A01-987-A01-988-A01-989-C40-991-C40-992-A01-993-A01-994-A01-995-A01-996-A-,10,22,56131
0,19,20,1.0,0.9230769230769231,0.10078180081645664,0.0,1.0,0.8333333333333334,0.3157894736842105,0.25,0.12765694770084507,4,0.0,1.0,0.96,0.88,0.875,0.9333333333333333,0.96,0.88,0.875,0.9333333333333333,0.1282051282051282,1.0,0.2154696132596685,20|1034-C40-1078-A00-1122-A00-1166-A00-1210-A00-1254-A00-1298-A-770-A-814-A00-858-A00-902-A00-946-C40-985-A-986-A00-987-A00-988-A00-989-C40-991-C40-992-A00-993-A00-994-A00-995-A00-996-A-,10,22,56132
5,14,20,1.0,0.8461538461538461,0.13589415249850587,1.0,0.35714285714285715,0.7222222222222222,0.3157894736842105,0.23684210526315788,0.17213259316477408,4,0.0,0.7368421052631579,0.8,0.72,0.8235294117647058,0.6666666666666666,0.88,0.8,0.8235294117647058,0.8,0.13986013986013987,0.16666666666666666,0.23353293413173654,20|1034-C40-1078-A01-1122-A00-1166-A01-1210-A00-1254-B0010-1255-B-1298-B-770-A-814-A01-858-A00-902-A01-946-C40-986-B-987-A01-988-A01-989-C40-991-C40-992-A01-993-A00-994-A01-995-A00-996-B-,10,22,56133
1,18,20,1.0,0.9230769230769231,0.15789473684210528,1.0,0.6666666666666666,0.8333333333333334,0.3157894736842105,0.25,0.2,4,0.0,0.9473684210526316,0.72,0.88,0.6666666666666666,0.875,0.8,0.96,0.8,0.875,0.1282051282051282,0.5,0.2154696132596685,20|1034-C40-1078-A01-1122-A01-1166-B-682-A-726-A01-770-A01-814-A01-858-A01-902-A01-946-C40-985-A-986-A01-987-A01-988-A01-989-C40-991-C40-992-A01-993-A01-994-A01-995-A01-996-A01-997-A-,10,22,56134
3,8,12,0.6,0.8888888888888888,0.09090909090909091,1.0,0.5,0.7,0.2727272727272727,0.25,0.14285714285714285,4,0.0,0.7272727272727273,0.9411764705882353,0.9411764705882353,1.0,0.9090909090909091,0.9411764705882353,0.9411764705882353,1.0,0.9090909090909091,0.16666666666666666,0.3333333333333333,0.3258426966292135,12|294-B-322-A00-350-A00-378-C40-402-B-403-A00-404-A00-405-C40-407-C40-408-A00-409-A-434-C40-462-A00-490-A00-518-B-,10,22,56135
6,13,20,1.0,0.8181818181818182,0.10526315789473684,0.6,0.42857142857142855,0.6666666666666666,0.3157894736842105,0.21052631578947367,0.18856180831641264,4,0.2222222222222222,0.6842105263157895,0.72,0.8,0.8235294117647058,0.631578947368421,0.72,0.8,0.8235294117647058,0.631578947368421,0.20202020202020202,0.3333333333333333,0.3277310924369748,20|1030-A-1034-C40-1078-A01-1122-A01-1165-A-1166-B21-814-B-858-A01-897-A-898-B21-902-A01-942-A01-946-C40-984-B-985-A01-986-B011121-987-A01-988-A01-989-C40-991-C40-992-A01-993-A01-994-B-,10,22,56136
0,19,20,1.0,0.9230769230769231,0.10078180081645664,0.0,1.0,0.8333333333333334,0.3157894736842105,0.25,0.12765694770084507,4,0.0,1.0,0.96,0.88,0.875,0.9333333333333333,0.96,0.88,0.875,0.9333333333333333,0.1282051282051282,1.0,0.2154696132596685,20|1034-C40-1078-A01-1122-A01-1166-A01-1210-A01-1254-A01-1298-A-770-A-814-A01-858-A01-902-A01-946-C40-985-A-986-A01-987-A01-988-A01-989-C40-991-C40-992-A01-993-A01-994-A01-995-A01-996-A-,10,22,56137
0,19,20,1.0,0.9230769230769231,0.10078180081645664,0.0,1.0,0.8333333333333334,0.3157894736842105,0.25,0.12765694770084507,4,0.0,1.0,0.96,0.88,0.875,0.9333333333333333,0.96,0.88,0.875,0.9333333333333333,0.1282051282051282,1.0,0.2154696132596685,20|1034-C40-1078-A01-1122-A01-1166-A01-1210-A01-1254-A01-1298-A-770-A-814-A01-858-A01-902-A01-946-C40-985-A-986-A01-987-A01-988-A01-989-C40-991-C40-992-A01-993-A01-994-A01-995-A01-996-A-,10,22,56138
0,19,20,1.0,0.9230769230769231,0.10078180081645664,0.0,1.0,0.8333333333333334,0.3157894736842105,0.25,0.12765694770084507,4,0.0,1.0,0.96,0.88,0.9333333333333333,0.875,0.96,0.88,0.9333333333333333,0.875,0.1282051282051282,1.0,0.2154696132596685,20|1034-C40-1078-A01-1122-A01-1166-A01-1210-A01-1254-A-770-A-814-A01-858-A01-902-A01-946-C40-985-A-986-A01-987-A01-988-A01-989-C41-991-C40-992-A01-993-A01-994-A01-995-A01-996-A01-997-A-,10,22,56139
0,5,6,0.3,0.8333333333333334,0.19999999999999996,0.0,1.0,0.25,0.4,0.25,1.0,4,0.0,1.0,0.9090909090909091,0.9090909090909091,0.8888888888888888,1.0,0.9090909090909091,0.9090909090909091,0.8888888888888888,1.0,0.2,1.0,0.5365853658536586,6|104-A-120-C40-134-A-135-C40-137-C40-138-A-152-C40-168-A01-184-A-,10,22,56140
4,15,20,1.0,1.0,0.1215474250925528,0.25,0.5,0.6111111111111112,0.2631578947368421,0.2236842105263158,0.12765694770084507,4,0.1111111111111111,0.7894736842105263,0.56,0.56,0.5882352941176471,0.5882352941176471,0.88,0.72,0.7058823529411765,0.7058823529411765,0.1652892561983471,0.2,0.2727272727272727,20|1034-C40-1078-A01-1122-A01-1166-A00-1209-A-1210-B0121-1254-A-814-B21-815-A-858-A01-902-A01-943-A-946-C40-986-A-987-B0121-988-A01-989-C41-991-C40-992-A01-993-A01-994-A01-995-A01-996-B-,10,22,56141
5,14,20,1.0,0.9,0.05263157894736842,0.75,0.42857142857142855,0.6666666666666666,0.3684210526315789,0.21052631578947367,0.26666666666666666,4,0.0,0.7368421052631579,0.72,0.72,0.8888888888888888,0.631578947368421,0.72,0.72,0.8888888888888888,0.631578947368421,0.2222222222222222,0.3333333333333333,0.3577981651376147,20|1034-C40-1038-A01-1078-A01-1082-A00-1122-A01-1126-B21-1127-A-1166-B-814-B-858-A01-902-A01-906-A-946-C40-950-A00-986-B-987-A01-988-A01-989-C40-991-C40-992-A01-993-A01-994-B011121-995-A-,10,22,56142
0,19,20,1.0,0.9230769230769231,0.10078180081645664,0.0,1.0,0.8333333333333334,0.3157894736842105,0.25,0.12765694770084507,4,0.0,1.0,0.96,0.88,0.875,0.9333333333333333,0.96,0.88,0.875,0.9333333333333333,0.1282051282051282,1.0,0.2154696132596685,20|1034-C40-1078-A01-1122-A01-1166-A01-1210-A01-1254-A01-1298-A-770-A-814-A01-858-A01-902-A01-946-C40-985-A-986-A01-987-A01-988-A01-989-C40-991-C40-992-A01-993-A01-994-A01-995-A01-996-A-,10,22,56143
0,19,20,1.0,0.9230769230769231,0.05263157894736842,0.0,1.0,0.8333333333333334,0.2631578947368421,0.25,0.06666666666666667,4,0.0,1.0,0.96,0.96,1.0,0.9333333333333333,0.96,0.96,1.0,0.9333333333333333,0.1282051282051282,1.0,0.2154696132596685,20|1034-C40-1078-A00-1122-A00-1166-A00-1210-A00-1254-A-726-A-770-A00-814-A00-858-A00-902-A00-946-C40-985-A-986-A00-987-A00-988-A00-989-C40-991-C40-992-A00-993-A00-994-A00-995-A00-996-A-,10,22,56144
0,19,20,1.0,0.9230769230769231,0.05263157894736842,0.0,1.0,0.8333333333333334,0.2631578947368421,0.25,0.06666666666666667,4,0.0,1.0,0.96,0.96,1.0,0.9333333333333333,0.96,0.96,1.0,0.9333333333333333,0.1282051282051282,1.0,0.2154696132596685,20|1034-C40-1078-A01-1122-A01-1166-A01-1210-A01-1254-A-726-A-770-A01-814-A01-858-A01-902-A01-946-C40-985-A-986-A01-987-A01-988-A01-989-C40-991-C40-992-A01-993-A01-994-A01-995-A01-996-A-,10,22,56145
6,13,20,1.0,0.9090909090909091,0.05263157894736842,0.8,0.2857142857142857,0.8333333333333334,0.3157894736842105,0.25,0.12765694770084507,4,0.2222222222222222,0.6842105263157895,0.72,0.72,0.7777777777777778,0.5882352941176471,0.8,0.8,0.7777777777777778,0.7058823529411765,0.18181818181818182,0.16666666666666666,0.29770992366412213,20|1034-C40-1038-A01-1078-A00-1082-B-1122-A01-1166-A01-1208-B-1209-A01-1210-B21-770-B-814-A00-858-A01-902-A01-946-C40-985-B-986-A00-987-A01-988-A01-989-C40-991-C40-992-A01-993-A01-994-B21-,10,22,56146
3,16,20,1.0,0.9166666666666666,0.05263157894736842,0.3333333333333333,0.4,0.8333333333333334,0.2631578947368421,0.25,0.06666666666666667,4,0.0,0.8421052631578947,0.8,0.8,0.7058823529411765,0.875,0.88,0.88,0.8235294117647058,0.875,0.15151515151515152,0.25,0.25161290322580643,20|1034-C40-1039-A-1078-A00-1122-A00-1166-A01-1210-A01-1254-A-770-B20-771-A-814-A00-858-A01-902-A01-946-C40-985-B-986-A00-987-A01-988-A01-989-C40-991-C40-992-A01-993-A01-994-A00-995-B20-,10,22,56147
0,19,20,1.0,0.9230769230769231,0.10078180081645664,0.0,1.0,0.8333333333333334,0.3157894736842105,0.25,0.12765694770084507,4,0.0,1.0,0.96,0.88,0.875,0.9333333333333333,0.96,0.88,0.875,0.9333333333333333,0.1282051282051282,1.0,0.2154696132596685,20|1034-C40-1078-A00-1122-A00-1166-A01-1210-A01-1254-A01-1298-A-770-A-814-A01-858-A00-902-A00-946-C40-985-A-986-A01-987-A01-988-A00-989-C40-991-C40-992-A00-993-A00-994-A01-995-A01-996-A-,10,22,56148
0,19,20,1.0,0.47058823529411764,0.5111860450643322,0.0,1.0,0.8333333333333334,0.631578947368421,0.25,0.647502323748154,4,0.0,1.0,0.64,0.56,0.9090909090909091,0.5,0.64,0.56,0.9090909090909091,0.5,0.14705882352941177,1.0,0.2422360248447205,20|1000-A01-1001-A01-1002-A01-1003-A-1034-C40-1078-A01-1122-A01-1166-A-858-A-902-A01-946-C40-987-A-988-A01-989-C40-991-C40-992-A01-993-A01-994-A01-995-A01-996-A01-997-A01-998-A01-999-A01-,10,22,56149
0,19,20,1.0,0.9230769230769231,0.10078180081645664,0.0,1.0,0.8333333333333334,0.3157894736842105,0.25,0.12765694770084507,4,0.0,1.0,0.96,0.88,0.875,0.9333333333333333,0.96,0.88,0.875,0.9333333333333333,0.1282051282051282,1.0,0.2154696132596685,20|1034-C40-1078-A01-1122-A01-1166-A01-1210-A01-1254-A01-1298-A-770-A-814-A01-858-A01-902-A01-946-C40-985-A-986-A01-987-A01-988-A01-989-C40-991-C40-992-A01-993-A01-994-A01-995-A01-996-A-,10,22,56150
15,4,20,1.0,0.9090909090909091,0.2170055592430348,0.7272727272727273,0.5714285714285714,0.4444444444444444,0.3157894736842105,0.19736842105263158,0.2748737083745107,4,0.4444444444444444,0.21052631578947367,0.88,0.56,0.5555555555555556,0.7058823529411765,0.88,0.56,0.5555555555555556,0.7058823529411765,0.18181818181818182,0.3333333333333333,0.29770992366412213,20|1034-C40-1078-A00-1122-B00-1165-B-1166-B001020-1167-B-1209-B-1210-B0010-1254-B00-1298-B-858-B-902-A00-946-C40-950-B-987-B-988-A00-989-C40-991-C40-992-A00-993-B00-994-B0020-995-B00-996-B-,10,22,56151
5,14,20,1.0,0.8333333333333334,0.08594700851870801,0.75,0.35714285714285715,0.7222222222222222,0.3157894736842105,0.23684210526315788,0.17213259316477408,4,0.1111111111111111,0.7368421052631579,0.72,0.72,0.7777777777777778,0.625,0.8,0.8,0.7777777777777778,0.75,0.16666666666666666,0.16666666666666666,0.2746478873239437,20|1034-C40-1039-A-1078-A01-1122-A01-1166-A00-1208-B-1209-A01-1210-B0121-1254-A-770-B-814-A00-858-A01-902-A01-946-C40-986-B-987-A01-988-A01-989-C40-991-C40-992-A01-993-A01-994-A00-995-B21-,10,22,56152
5,14,20,1.0,0.8461538461538461,0.13589415249850587,1.0,0.35714285714285715,0.7222222222222222,0.3157894736842105,0.23684210526315788,0.17213259316477408,4,0.0,0.7368421052631579,0.8,0.72,0.8235294117647058,0.6666666666666666,0.88,0.8,0.8235294117647058,0.8,0.13986013986013987,0.16666666666666666,0.23353293413173654,20|1034-C40-1078-A01-1122-A01-1166-A01-1210-A01-1254-B0020-1255-B-1298-B-770-A-814-A01-858-A01-902-A01-946-C40-986-B-987-A01-988-A01-989-C40-991-C40-992-A01-993-A01-994-A01-995-A01-996-B-,10,22,56153
0,19,20,1.0,0.9230769230769231,0.10078180081645664,0.0,1.0,0.8333333333333334,0.3157894736842105,0.25,0.12765694770084507,4,0.0,1.0,0.96,0.88,0.875,0.9333333333333333,0.96,0.88,0.875,0.9333333333333333,0.1282051282051282,1.0,0.2154696132596685,20|1034-C40-1078-A01-1122-A01-1166-A01-1210-A01-1254-A01-1298-A-770-A-814-A01-858-A01-902-A01-946-C40-985-A-986-A01-987-A01-988-A01-989-C40-991-C40-992-A01-993-A01-994-A01-995-A01-996-A-,10,22,56154
0,19,20,1.0,0.9230769230769231,0.05263157894736842,0.0,1.0,0.8333333333333334,0.2631578947368421,0.25,0.06666666666666667,4,0.0,1.0,0.96,0.96,1.0,0.9333333333333333,0.96,0.96,1.0,0.9333333333333333,0.1282051282051282,1.0,0.2154696132596685,20|1034-C40-1078-A01-1122-A00-1166-A01-1210-A01-1254-A-726-A-770-A01-814-A01-858-A00-902-A01-946-C40-985-A-986-A01-987-A00-988-A01-989-C40-991-C40-992-A01-993-A00-994-A01-995-A01-996-A-,10,22,56155
0,19,20,1.0,0.9230769230769231,0.10078180081645664,0.0,1.0,0.8333333333333334,0.3157894736842105,0.25,0.12765694770084507,4,0.0,1.0,0.96,0.88,0.875,0.9333333333333333,0.96,0.88,0.875,0.9333333333333333,0.1282051282051282,1.0,0.2154696132596685,20|1034-C40-1078-A00-1122-A00-1166-A00-1210-A00-1254-A00-1298-A-770-A-814-A01-858-A01-902-A00-946-C40-985-A-986-A01-987-A01-988-A00-989-C40-991-C40-992-A00-993-A01-994-A01-995-A00-996-A-,10,22,56156
0,12,13,0.65,1.0,0.0,0.0,1.0,0.7272727272727273,0.25,0.25,0.0,4,0.0,1.0,1.0,1.0,1.0,1.0,1.0,1.0,1.0,1.0,0.16049382716049382,1.0,0.31313131313131315,13|345-A-375-A00-405-A00-435-C40-461-A-462-A00-463-A00-464-C40-466-C40-467-A00-468-A00-469-A-495-C40-525-A00-555-A00-585-A-,10,22,56157
10,9,20,1.0,1.0,0.0607737125462764,0.75,0.5,0.5555555555555556,0.2631578947368421,0.19736842105263158,0.12765694770084507,4,0.2222222222222222,0.4736842105263158,0.72,0.64,0.6666666666666666,0.5555555555555556,0.88,0.72,0.6666666666666666,0.7777777777777778,0.2,0.3333333333333333,0.325,20|1034-C40-1038-A-1078-A01-1122-A01-1164-B-1165-A01-1166-B001021-1167-B-1210-B10-1211-B-814-B-858-A01-902-A01-946-C40-986-B-987-B00-988-A00-989-C40-991-C40-992-A01-993-A01-994-B0021-995-B-,10,22,56158
0,19,20,1.0,0.9230769230769231,0.05263157894736842,0.0,1.0,0.8333333333333334,0.2631578947368421,0.25,0.06666666666666667,4,0.0,1.0,0.96,0.96,1.0,0.9333333333333333,0.96,0.96,1.0,0.9333333333333333,0.1282051282051282,1.0,0.2154696132596685,20|1034-C40-1078-A01-1122-A01-1166-A01-1210-A01-1254-A-726-A-770-A01-814-A01-858-A01-902-A01-946-C40-985-A-986-A01-987-A01-988-A01-989-C40-991-C40-992-A01-993-A01-994-A01-995-A01-996-A-,10,22,56159
0,19,20,1.0,0.9230769230769231,0.10078180081645664,0.0,1.0,0.8333333333333334,0.3157894736842105,0.25,0.12765694770084507,4,0.0,1.0,0.96,0.88,0.875,0.9333333333333333,0.96,0.88,0.875,0.9333333333333333,0.1282051282051282,1.0,0.2154696132596685,20|1034-C40-1078-A01-1122-A00-1166-A01-1210-A00-1254-A01-1298-A-770-A-814-A01-858-A00-902-A01-946-C40-985-A-986-A01-987-A00-988-A01-989-C40-991-C40-992-A01-993-A00-994-A01-995-A00-996-A-,10,22,56160
10,9,20,1.0,0.9,0.10078180081645664,0.75,0.6428571428571429,0.3333333333333333,0.21052631578947367,0.17105263157894737,0.12765694770084507,4,0.1111111111111111,0.4736842105263158,0.72,0.56,0.5263157894736842,0.6666666666666666,0.8,0.64,0.631578947368421,0.6666666666666666,0.2222222222222222,0.3333333333333333,0.3577981651376147,20|1034-C40-1038-B-1078-A00-1079-A-1121-B-1122-B001020-1123-B0121-1124-A-1166-B0020-1167-B-1210-B-814-B-858-A01-902-A01-946-C40-987-A-988-A01-989-C40-991-C40-992-A01-993-A01-994-B0020-995-B-,10,22,56161
2,17,20,1.0,0.8461538461538461,0.13589415249850587,0.5,0.625,0.7222222222222222,0.3157894736842105,0.23684210526315788,0.17213259316477408,4,0.0,0.8947368421052632,0.88,0.8,0.8235294117647058,0.8,0.88,0.8,0.8235294117647058,0.8,0.13986013986013987,0.3333333333333333,0.23353293413173654,20|1034-C40-1078-A01-1122-A01-1166-A01-1210-A01-1254-B0121-1255-A-1298-A-770-A-814-A01-858-A01-902-A01-946-C40-986-A-987-A00-988-A00-989-C40-991-C40-992-A01-993-A01-994-A01-995-A01-996-B-,10,22,56162
0,19,20,1.0,0.9230769230769231,0.10078180081645664,0.0,1.0,0.8333333333333334,0.3157894736842105,0.25,0.12765694770084507,4,0.0,1.0,0.96,0.88,0.875,0.9333333333333333,0.96,0.88,0.875,0.9333333333333333,0.1282051282051282,1.0,0.2154696132596685,20|1034-C40-1078-A01-1122-A01-1166-A01-1210-A01-1254-A01-1298-A-770-A-814-A01-858-A01-902-A01-946-C40-985-A-986-A01-987-A01-988-A01-989-C40-991-C40-992-A01-993-A01-994-A01-995-A01-996-A-,10,22,56163
13,6,20,1.0,0.7272727272727273,0.1324532357065044,0.8,0.6428571428571429,0.3888888888888889,0.2631578947368421,0.18421052631578946,0.17213259316477408,4,0.3333333333333333,0.3157894736842105,0.56,0.64,0.6,0.7058823529411765,0.72,0.72,0.7,0.7058823529411765,0.22727272727272727,0.5,0.3644859813084112,20|1034-C40-1037-B-1078-A01-1122-A01-1165-B-1166-B001020-1167-B-1210-B00-1254-B-814-B-858-B0010-859-B-902-A00-946-C40-949-B-950-A-987-B-988-A01-989-C41-991-C40-992-A00-993-B001020-994-B21-,10,22,56164
3,16,20,1.0,0.8333333333333334,0.08594700851870801,0.3333333333333333,0.5,0.7222222222222222,0.3157894736842105,0.23684210526315788,0.17213259316477408,4,0.0,0.8421052631578947,0.8,0.8,0.7777777777777778,0.75,0.8,0.8,0.7777777777777778,0.75,0.16666666666666666,0.25,0.2746478873239437,20|1034-C40-1039-A-1078-A01-1122-A01-1166-A00-1208-A-1209-A01-1210-B0121-1254-A-770-B-814-A00-858-A01-902-A01-946-C40-986-A-987-A01-988-A01-989-C40-991-C40-992-A01-993-A01-994-A00-995-B21-,10,22,56165
1,18,20,1.0,0.8333333333333334,0.08594700851870801,0.0,1.0,0.6666666666666666,0.2631578947368421,0.2236842105263158,0.12765694770084507,4,0.0,0.9473684210526316,0.72,0.72,0.8888888888888888,0.625,0.8,0.8,0.8888888888888888,0.75,0.16666666666666666,1.0,0.2746478873239437,20|1034-C40-1038-A01-1078-A01-1082-A-1122-A01-1166-A01-1210-A01-1254-A-770-A-814-A01-858-A01-902-A01-946-C40-950-A-986-A-987-A01-988-A01-989-C41-991-C40-992-A01-993-A01-994-B011121-995-A-,10,22,56166
0,19,20,1.0,0.9230769230769231,0.10078180081645664,0.0,1.0,0.8333333333333334,0.3157894736842105,0.25,0.12765694770084507,4,0.0,1.0,0.88,0.96,0.9333333333333333,0.875,0.88,0.96,0.9333333333333333,0.875,0.1282051282051282,1.0,0.2154696132596685,20|1034-C40-1078-A01-1122-A01-1166-A01-1210-A-726-A-770-A01-814-A01-858-A01-902-A01-946-C40-985-A-986-A01-987-A01-988-A01-989-C40-991-C40-992-A01-993-A01-994-A01-995-A01-996-A01-997-A-,10,22,56167
11,8,20,1.0,0.9,0.10078180081645664,0.75,0.5,0.5555555555555556,0.2631578947368421,0.19736842105263158,0.12765694770084507,4,0.1111111111111111,0.42105263157894735,0.72,0.56,0.7368421052631579,0.4444444444444444,0.8,0.64,0.7368421052631579,0.5555555555555556,0.2222222222222222,0.3333333333333333,0.3577981651376147,20|1034-C40-1038-B-1039-A-1078-A01-1122-A01-1166-B0010-1167-B-1210-B-814-B-858-A01-902-A01-906-B-943-B-946-C40-950-B00-987-B20-988-A01-989-C41-991-C40-992-A01-993-A01-994-B001020-995-B21-,10,22,56168
4,15,20,1.0,0.9090909090909091,0.10078180081645664,0.5,0.5833333333333334,0.5555555555555556,0.2631578947368421,0.19736842105263158,0.12765694770084507,4,0.0,0.7894736842105263,0.88,0.72,0.6666666666666666,0.8235294117647058,0.88,0.72,0.6666666666666666,0.8235294117647058,0.18181818181818182,0.4,0.29770992366412213,20|1034-C40-1038-A-1078-A01-1122-A01-1164-A-1165-A01-1166-B011121-1167-A-1210-A01-1254-A-814-B-858-A01-902-A01-946-C40-986-B-987-A01-988-A01-989-C40-991-C40-992-A01-993-A01-994-B0121-995-A-,10,22,56169
0,16,17,0.85,1.0,0.0,0.0,1.0,0.8,0.25,0.25,0.0,4,0.0,1.0,1.0,1.0,1.0,1.0,1.0,1.0,1.0,1.0,0.14049586776859505,1.0,0.24475524475524477,17|551-A-589-A00-627-A00-665-A00-703-C40-736-A-737-A00-738-A00-739-A00-740-C40-742-C40-743-A00-744-A00-745-A00-746-A-779-C40-817-A00-855-A00-893-A00-931-A-,10,22,56170
0,19,20,1.0,0.9230769230769231,0.10078180081645664,0.0,1.0,0.8333333333333334,0.3157894736842105,0.25,0.12765694770084507,4,0.0,1.0,0.96,0.88,0.875,0.9333333333333333,0.96,0.88,0.875,0.9333333333333333,0.1282051282051282,1.0,0.2154696132596685,20|1034-C40-1078-A01-1122-A01-1166-A01-1210-A01-1254-A01-1298-A-770-A-814-A01-858-A01-902-A01-946-C40-985-A-986-A01-987-A01-988-A01-989-C40-991-C40-992-A01-993-A01-994-A01-995-A01-996-A-,10,22,56171
0,19,20,1.0,0.9230769230769231,0.05263157894736842,0.0,1.0,0.8333333333333334,0.2631578947368421,0.25,0.06666666666666667,4,0.0,1.0,0.96,0.96,1.0,0.9333333333333333,0.96,0.96,1.0,0.9333333333333333,0.1282051282051282,1.0,0.2154696132596685,20|1034-C40-1078-A00-1122-A00-1166-A01-1210-A01-1254-A-726-A-770-A01-814-A01-858-A00-902-A00-946-C40-985-A-986-A01-987-A00-988-A00-989-C40-991-C40-992-A00-993-A00-994-A01-995-A01-996-A-,10,22,56172
0,19,20,1.0,0.9230769230769231,0.10078180081645664,0.0,1.0,0.8333333333333334,0.3157894736842105,0.25,0.12765694770084507,4,0.0,1.0,0.96,0.88,0.875,0.9333333333333333,0.96,0.88,0.875,0.9333333333333333,0.1282051282051282,1.0,0.2154696132596685,20|1034-C40-1078-A01-1122-A01-1166-A01-1210-A01-1254-A01-1298-A-770-A-814-A01-858-A01-902-A01-946-C40-985-A-986-A01-987-A01-988-A01-989-C40-991-C40-992-A01-993-A01-994-A01-995-A01-996-A-,10,22,56173
0,19,20,1.0,0.9230769230769231,0.10078180081645664,0.0,1.0,0.8333333333333334,0.3157894736842105,0.25,0.12765694770084507,4,0.0,1.0,0.96,0.88,0.875,0.9333333333333333,0.96,0.88,0.875,0.9333333333333333,0.1282051282051282,1.0,0.2154696132596685,20|1034-C40-1078-A00-1122-A01-1166-A01-1210-A01-1254-A01-1298-A-770-A-814-A01-858-A01-902-A01-946-C40-985-A-986-A01-987-A01-988-A01-989-C40-991-C40-992-A00-993-A01-994-A01-995-A01-996-A-,10,22,56174
0,19,20,1.0,0.9230769230769231,0.10078180081645664,0.0,1.0,0.8333333333333334,0.3157894736842105,0.25,0.12765694770084507,4,0.0,1.0,0.96,0.88,0.875,0.9333333333333333,0.96,0.88,0.875,0.9333333333333333,0.1282051282051282,1.0,0.2154696132596685,20|1034-C40-1078-A01-1122-A00-1166-A01-1210-A01-1254-A01-1298-A-770-A-814-A01-858-A01-902-A01-946-C40-985-A-986-A01-987-A01-988-A01-989-C40-991-C40-992-A01-993-A01-994-A01-995-A01-996-A-,10,22,56175
0,19,20,1.0,0.9230769230769231,0.10078180081645664,0.0,1.0,0.8333333333333334,0.3157894736842105,0.25,0.12765694770084507,4,0.0,1.0,0.96,0.88,0.875,0.9333333333333333,0.96,0.88,0.875,0.9333333333333333,0.1282051282051282,1.0,0.2154696132596685,20|1034-C40-1078-A01-1122-A01-1166-A01-1210-A01-1254-A01-1298-A-770-A-814-A01-858-A01-902-A01-946-C40-985-A-986-A01-987-A01-988-A01-989-C40-991-C40-992-A01-993-A01-994-A01-995-A01-996-A-,10,22,56176
10,9,20,1.0,0.8181818181818182,0.13589415249850587,0.75,0.5714285714285714,0.4444444444444444,0.2631578947368421,0.18421052631578946,0.17213259316477408,4,0.0,0.4736842105263158,0.8,0.64,0.631578947368421,0.7058823529411765,0.8,0.64,0.631578947368421,0.7058823529411765,0.20202020202020202,0.3333333333333333,0.3277310924369748,20|1034-C40-1038-B-1078-A01-1121-A-1122-A01-1165-B21-1166-B001020-1167-B-1209-B-1210-B0020-1254-B-814-B-858-A01-902-A01-946-C40-987-A-988-A01-989-C41-991-C40-992-A01-993-A01-994-B0020-995-B-,10,22,56177
14,5,20,1.0,1.0,0.0607737125462764,0.8,0.6428571428571429,0.3888888888888889,0.21052631578947367,0.17105263157894737,0.12765694770084507,4,0.3333333333333333,0.26315789473684215,0.72,0.56,0.7,0.5,0.8,0.64,0.7,0.6,0.3125,0.5,0.4875,20|1034-C40-1037-B20-1038-B-1078-A00-1079-B-1120-B-1121-B0020-1122-B001020-1123-B20-1165-B-1166-B-857-B-858-B20-902-A00-946-C40-949-B-987-A-988-A00-989-C40-991-C40-992-A00-993-B001020-994-B-,10,22,56178
3,16,20,1.0,1.0,0.0607737125462764,0.6666666666666666,0.4,0.8333333333333334,0.3157894736842105,0.25,0.12765694770084507,4,0.0,0.8421052631578947,0.96,0.88,0.875,0.875,0.96,0.88,0.875,0.875,0.1388888888888889,0.25,0.23214285714285715,20|1034-C40-1078-A01-1122-A01-1166-A01-1210-A01-1253-B-1254-B10-770-A-814-A01-858-A01-902-A01-946-C40-985-A-986-A01-987-A01-988-A01-989-C40-991-C40-992-A01-993-A01-994-A01-995-A01-996-B-,10,22,56179
7,12,20,1.0,0.9090909090909091,0.1324532357065044,0.6666666666666666,0.42857142857142855,0.6666666666666666,0.3157894736842105,0.2236842105263158,0.2277100170213244,4,0.0,0.631578947368421,0.8,0.64,0.7777777777777778,0.5882352941176471,0.8,0.72,0.8888888888888888,0.5882352941176471,0.18181818181818182,0.3333333333333333,0.29770992366412213,20|1029-B-1034-C40-1078-A01-1122-A01-1166-A01-1210-A-770-B20-771-B-814-A01-858-A01-902-A00-941-B20-942-B-946-C40-984-B-985-B001020-986-A01-987-A01-988-A00-989-C40-991-C40-992-A01-993-A-,10,22,56180
0,19,20,1.0,0.9230769230769231,0.10078180081645664,0.0,1.0,0.8333333333333334,0.3157894736842105,0.25,0.12765694770084507,4,0.0,1.0,0.96,0.88,0.875,0.9333333333333333,0.96,0.88,0.875,0.9333333333333333,0.1282051282051282,1.0,0.2154696132596685,20|1034-C40-1078-A01-1122-A01-1166-A01-1210-A01-1254-A01-1298-A-770-A-814-A01-858-A01-902-A01-946-C40-985-A-986-A01-987-A01-988-A01-989-C40-991-C40-992-A01-993-A01-994-A01-995-A01-996-A-,10,22,56181
12,7,20,1.0,0.8,0.14886458551295736,0.6666666666666666,0.5714285714285714,0.4444444444444444,0.2631578947368421,0.18421052631578946,0.17213259316477408,4,0.4444444444444444,0.368421052631579,0.72,0.56,0.6,0.6666666666666666,0.72,0.56,0.6,0.6666666666666666,0.25,0.3333333333333333,0.3979591836734694,20|1034-C40-1078-A00-1079-B-1121-B-1122-B001020-1123-B20-1166-B0121-1167-A-1210-A00-1254-A-857-B-858-B20-902-A00-946-C40-948-B-949-B20-987-B-988-A00-989-C40-991-C40-992-A00-993-B0020-994-B-,10,22,56182
0,19,20,1.0,0.7857142857142857,0.10078180081645664,0.0,1.0,0.8333333333333334,0.3157894736842105,0.25,0.12765694770084507,4,0.0,1.0,0.88,0.88,0.9411764705882353,1.0,0.88,0.88,0.9411764705882353,1.0,0.12987012987012986,1.0,0.21787709497206703,20|1034-C40-1078-A00-1122-A00-1166-A00-1210-A00-1254-A00-1298-A-726-A-770-A00-814-A00-858-A00-902-A00-946-C40-985-A-986-A00-987-A00-988-A00-989-C40-991-C40-992-A00-993-A00-994-A00-995-A-,10,22,56183
0,19,20,1.0,0.9230769230769231,0.10078180081645664,0.0,1.0,0.8333333333333334,0.3157894736842105,0.25,0.12765694770084507,4,0.0,1.0,0.96,0.88,0.875,0.9333333333333333,0.96,0.88,0.875,0.9333333333333333,0.1282051282051282,1.0,0.2154696132596685,20|1034-C40-1078-A01-1122-A01-1166-A01-1210-A01-1254-A01-1298-A-770-A-814-A01-858-A01-902-A01-946-C40-985-A-986-A01-987-A01-988-A01-989-C40-991-C40-992-A01-993-A01-994-A01-995-A01-996-A-,10,22,56184
2,17,20,1.0,0.8461538461538461,0.13589415249850587,0.5,0.625,0.7222222222222222,0.3157894736842105,0.23684210526315788,0.17213259316477408,4,0.0,0.8947368421052632,0.88,0.8,0.8235294117647058,0.8,0.88,0.8,0.8235294117647058,0.8,0.13986013986013987,0.3333333333333333,0.23353293413173654,20|1034-C40-1078-A01-1122-A01-1166-A01-1210-A01-1254-B0121-1255-A-1298-A-770-A-814-A01-858-A01-902-A01-946-C40-986-A-987-A01-988-A01-989-C40-991-C40-992-A01-993-A01-994-A01-995-A01-996-B-,10,22,56185
5,14,20,1.0,0.9166666666666666,0.10078180081645664,0.75,0.35714285714285715,0.7222222222222222,0.3157894736842105,0.23684210526315788,0.17213259316477408,4,0.0,0.7368421052631579,0.72,0.72,0.8235294117647058,0.75,0.8,0.88,0.8235294117647058,0.75,0.15151515151515152,0.16666666666666666,0.25161290322580643,20|1034-C40-1078-A01-1122-A01-1166-A00-1210-B-726-A-770-B0120-771-B-814-A00-858-A01-902-A01-946-C40-952-B-986-A-987-A01-988-A01-989-C40-991-C40-992-A01-993-A01-994-A01-995-A01-996-B20-,10,22,56186
0,19,20,1.0,0.9230769230769231,0.10078180081645664,0.0,1.0,0.8333333333333334,0.3157894736842105,0.25,0.12765694770084507,4,0.0,1.0,0.96,0.88,0.875,0.9333333333333333,0.96,0.88,0.875,0.9333333333333333,0.1282051282051282,1.0,0.2154696132596685,20|1034-C40-1078-A01-1122-A01-1166-A01-1210-A01-1254-A01-1298-A-770-A-814-A01-858-A01-902-A01-946-C40-985-A-986-A01-987-A01-988-A01-989-C40-991-C40-992-A01-993-A01-994-A01-995-A01-996-A-,10,22,56187
6,13,20,1.0,0.75,0.17977106606946666,0.6,0.5,0.5555555555555556,0.3157894736842105,0.19736842105263158,0.2277100170213244,4,0.0,0.6842105263157895,0.72,0.64,0.75,0.631578947368421,0.72,0.64,0.75,0.631578947368421,0.18518518518518517,0.3333333333333333,0.3023255813953488,20|1034-C40-1039-A01-1078-A01-1083-A-1122-A01-1165-B-1166-B0020-1210-B-858-A-902-A01-946-C40-951-A-986-B-987-A01-988-A01-989-C40-991-C40-992-A01-993-A01-994-B00-995-B011121-996-A01-997-A-,10,22,56188
6,13,20,1.0,0.9166666666666666,0.17977106606946666,0.8,0.35714285714285715,0.7222222222222222,0.3157894736842105,0.23684210526315788,0.25531389540169014,4,0.0,0.6842105263157895,0.64,0.64,0.7058823529411765,0.8235294117647058,0.72,0.72,0.7058823529411765,0.8235294117647058,0.15151515151515152,0.16666666666666666,0.25161290322580643,20|1034-C40-1039-B-1078-A01-1122-A01-1166-A01-1210-A01-1254-A00-1298-B-858-A-902-A01-946-C40-951-B20-952-B-985-B-986-A01-987-A01-988-A00-989-C40-991-C40-992-A01-993-A01-994-A00-995-B1020-,10,22,56189
1,18,20,1.0,0.9230769230769231,0.10078180081645664,1.0,0.6666666666666666,0.8333333333333334,0.3157894736842105,0.25,0.12765694770084507,4,0.0,0.9473684210526316,0.88,0.88,0.875,0.9333333333333333,0.96,0.88,0.875,0.9333333333333333,0.1282051282051282,0.5,0.2154696132596685,20|1034-C40-1078-A01-1122-A01-1166-A01-1210-A01-1254-A01-1298-A-770-A-814-A01-858-A01-902-A01-946-C40-985-A-986-A01-987-A01-988-A01-989-C40-991-C40-992-A01-993-A01-994-A01-995-A01-996-B-,10,22,56190
2,17,20,1.0,0.9090909090909091,0.15789473684210528,0.0,0.875,0.5555555555555556,0.3157894736842105,0.21052631578947367,0.24343224778007383,4,0.0,0.8947368421052632,0.88,0.64,0.6666666666666666,0.7058823529411765,0.88,0.64,0.6666666666666666,0.7058823529411765,0.18181818181818182,0.6666666666666666,0.29770992366412213,20|1034-C40-1078-A01-1122-A01-1166-A-726-A-769-A-770-B011121-771-A01-772-A-814-A01-858-A00-902-A01-941-A-946-C40-984-A-985-B0121-986-A01-987-A00-988-A01-989-C40-991-C40-992-A01-993-A-,10,22,56191
10,9,20,1.0,0.9090909090909091,0.10078180081645664,0.75,0.42857142857142855,0.6111111111111112,0.2631578947368421,0.2236842105263158,0.12765694770084507,4,0.0,0.4736842105263158,0.72,0.64,0.7058823529411765,0.5555555555555556,0.8,0.72,0.7058823529411765,0.6666666666666666,0.18181818181818182,0.16666666666666666,0.29770992366412213,20|1034-C40-1039-B-1078-A01-1121-B-1122-A01-1165-B20-1166-B0020-1210-B-814-B-858-A01-902-A01-942-B-946-C40-986-B20-987-A01-988-A01-989-C40-991-C40-992-A01-993-A01-994-A00-995-B0020-996-B-,10,22,56192
0,19,20,1.0,0.9230769230769231,0.15789473684210528,0.0,1.0,0.8333333333333334,0.3157894736842105,0.25,0.2,4,0.0,1.0,0.8,0.96,0.8,0.875,0.8,0.96,0.8,0.875,0.1282051282051282,1.0,0.2154696132596685,20|1034-C40-1078-A01-1122-A01-1166-A-682-A-726-A01-770-A01-814-A01-858-A01-902-A01-946-C40-985-A-986-A01-987-A01-988-A01-989-C40-991-C40-992-A01-993-A01-994-A01-995-A01-996-A01-997-A-,10,22,56193
12,7,20,1.0,0.9,0.15789473684210528,0.7777777777777778,0.5714285714285714,0.5,0.2631578947368421,0.18421052631578946,0.17213259316477408,4,0.4444444444444444,0.368421052631579,0.56,0.48,0.631578947368421,0.5555555555555556,0.72,0.56,0.631578947368421,0.7777777777777778,0.2222222222222222,0.5,0.3577981651376147,20|1034-C40-1078-A00-1079-B-1121-B-1122-B001020-1123-B20-1165-A-1166-B011120-1167-B-1210-A01-1254-B-857-B-858-B20-902-A00-946-C40-987-B-988-A01-989-C41-991-C40-992-A01-993-A01-994-B00-995-B-,10,22,56194
0,19,20,1.0,0.9230769230769231,0.10078180081645664,0.0,1.0,0.8333333333333334,0.3157894736842105,0.25,0.12765694770084507,4,0.0,1.0,0.96,0.88,0.875,0.9333333333333333,0.96,0.88,0.875,0.9333333333333333,0.1282051282051282,1.0,0.2154696132596685,20|1034-C40-1078-A01-1122-A01-1166-A01-1210-A01-1254-A01-1298-A-770-A-814-A01-858-A01-902-A01-946-C40-985-A-986-A01-987-A01-988-A01-989-C40-991-C40-992-A01-993-A01-994-A01-995-A01-996-A-,10,22,56195
0,19,20,1.0,0.9230769230769231,0.10078180081645664,0.0,1.0,0.8333333333333334,0.3157894736842105,0.25,0.12765694770084507,4,0.0,1.0,0.88,0.96,0.9333333333333333,0.875,0.88,0.96,0.9333333333333333,0.875,0.1282051282051282,1.0,0.2154696132596685,20|1034-C40-1078-A00-1122-A01-1166-A01-1210-A-726-A-770-A01-814-A01-858-A01-902-A00-946-C40-985-A-986-A01-987-A01-988-A00-989-C40-991-C40-992-A01-993-A01-994-A01-995-A01-996-A01-997-A-,10,22,56196
11,8,20,1.0,0.8181818181818182,0.13589415249850587,0.875,0.5714285714285714,0.4444444444444444,0.2631578947368421,0.18421052631578946,0.17213259316477408,4,0.0,0.42105263157894735,0.8,0.64,0.631578947368421,0.7058823529411765,0.8,0.64,0.631578947368421,0.7058823529411765,0.20202020202020202,0.3333333333333333,0.3277310924369748,20|1034-C40-1038-B-1078-A01-1122-A01-1164-B-1165-B00-1166-B001020-1167-B-1209-B-1210-B0020-1254-B-814-B-858-A01-902-A01-946-C40-987-A-988-A01-989-C40-991-C40-992-A01-993-A01-994-B0020-995-B-,10,22,56197
0,19,20,1.0,0.9230769230769231,0.05263157894736842,0.0,1.0,0.8333333333333334,0.2631578947368421,0.25,0.06666666666666667,4,0.0,1.0,0.96,0.96,1.0,0.9333333333333333,0.96,0.96,1.0,0.9333333333333333,0.1282051282051282,1.0,0.2154696132596685,20|1034-C40-1078-A01-1122-A01-1166-A01-1210-A01-1254-A-726-A-770-A01-814-A01-858-A01-902-A01-946-C40-985-A-986-A01-987-A01-988-A01-989-C40-991-C40-992-A01-993-A01-994-A01-995-A01-996-A-,10,22,56198
0,19,20,1.0,0.9230769230769231,0.10078180081645664,0.0,1.0,0.8333333333333334,0.3157894736842105,0.25,0.12765694770084507,4,0.0,1.0,0.96,0.88,0.875,0.9333333333333333,0.96,0.88,0.875,0.9333333333333333,0.1282051282051282,1.0,0.2154696132596685,20|1034-C40-1078-A01-1122-A01-1166-A01-1210-A01-1254-A01-1298-A-770-A-814-A01-858-A01-902-A01-946-C40-985-A-986-A01-987-A01-988-A01-989-C40-991-C40-992-A01-993-A01-994-A01-995-A01-996-A-,10,22,56199
7,12,20,1.0,1.0,0.0607737125462764,0.6666666666666666,0.5,0.5555555555555556,0.2631578947368421,0.19736842105263158,0.12765694770084507,4,0.0,0.631578947368421,0.8,0.72,0.6666666666666666,0.6666666666666666,0.88,0.72,0.6666666666666666,0.7777777777777778,0.2,0.3333333333333333,0.325,20|1034-C40-1038-A-1078-A01-1122-A01-1164-A-1165-A01-1166-B001021-1167-B-1209-A-1210-B21-814-B-858-A01-902-A01-946-C40-986-B-987-A01-988-A01-989-C40-991-C40-992-A01-993-A01-994-B0021-995-B-,10,22,56200
0,19,20,1.0,0.9230769230769231,0.10078180081645664,0.0,1.0,0.8333333333333334,0.3157894736842105,0.25,0.12765694770084507,4,0.0,1.0,0.96,0.88,0.875,0.9333333333333333,0.96,0.88,0.875,0.9333333333333333,0.1282051282051282,1.0,0.2154696132596685,20|1034-C40-1078-A01-1122-A01-1166-A01-1210-A01-1254-A01-1298-A-770-A-814-A01-858-A01-902-A01-946-C40-985-A-986-A01-987-A01-988-A01-989-C40-991-C40-992-A01-993-A01-994-A01-995-A01-996-A-,10,23,56201
0,19,20,1.0,0.9230769230769231,0.10078180081645664,0.0,1.0,0.8333333333333334,0.3157894736842105,0.25,0.12765694770084507,4,0.0,1.0,0.96,0.88,0.875,0.9333333333333333,0.96,0.88,0.875,0.9333333333333333,0.1282051282051282,1.0,0.2154696132596685,20|1034-C40-1078-A01-1122-A01-1166-A01-1210-A01-1254-A01-1298-A-770-A-814-A01-858-A01-902-A01-946-C40-985-A-986-A01-987-A01-988-A01-989-C40-991-C40-992-A01-993-A01-994-A01-995-A01-996-A-,10,23,56202
0,19,20,1.0,0.9230769230769231,0.10078180081645664,0.0,1.0,0.8333333333333334,0.3157894736842105,0.25,0.12765694770084507,4,0.0,1.0,0.96,0.88,0.9333333333333333,0.875,0.96,0.88,0.9333333333333333,0.875,0.1282051282051282,1.0,0.2154696132596685,20|1034-C40-1078-A01-1122-A01-1166-A01-1210-A01-1254-A-770-A-814-A01-858-A01-902-A01-946-C40-985-A-986-A01-987-A01-988-A01-989-C40-991-C40-992-A01-993-A01-994-A01-995-A01-996-A01-997-A-,10,23,56203
0,19,20,1.0,0.9230769230769231,0.10078180081645664,0.0,1.0,0.8333333333333334,0.3157894736842105,0.25,0.12765694770084507,4,0.0,1.0,0.96,0.88,0.875,0.9333333333333333,0.96,0.88,0.875,0.9333333333333333,0.1282051282051282,1.0,0.2154696132596685,20|1034-C40-1078-A00-1122-A00-1166-A00-1210-A00-1254-A00-1298-A-770-A-814-A00-858-A00-902-A00-946-C40-985-A-986-A00-987-A00-988-A00-989-C40-991-C40-992-A00-993-A00-994-A00-995-A00-996-A-,10,23,56204
4,15,20,1.0,0.9090909090909091,0.05263157894736842,0.5,0.5,0.6666666666666666,0.2631578947368421,0.2236842105263158,0.12765694770084507,4,0.1111111111111111,0.7894736842105263,0.64,0.64,0.8888888888888888,0.5882352941176471,0.8,0.8,0.8888888888888888,0.7058823529411765,0.18181818181818182,0.4,0.29770992366412213,20|1034-C40-1038-A01-1078-A01-1082-B-1122-A01-1166-A00-1210-B-770-B21-771-A-814-A00-858-A01-902-A01-946-C40-950-A-986-A-987-A01-988-A01-989-C40-991-C40-992-A01-993-A01-994-B011121-995-A-,10,23,56205
0,19,20,1.0,0.9230769230769231,0.10078180081645664,0.0,1.0,0.8333333333333334,0.3157894736842105,0.25,0.12765694770084507,4,0.0,1.0,0.96,0.88,0.875,0.9333333333333333,0.96,0.88,0.875,0.9333333333333333,0.1282051282051282,1.0,0.2154696132596685,20|1034-C40-1078-A01-1122-A01-1166-A01-1210-A01-1254-A01-1298-A-770-A-814-A01-858-A01-902-A01-946-C40-985-A-986-A01-987-A01-988-A01-989-C40-991-C40-992-A01-993-A01-994-A01-995-A01-996-A-,10,23,56206
1,18,20,1.0,0.9230769230769231,0.10078180081645664,1.0,0.6666666666666666,0.8333333333333334,0.3157894736842105,0.25,0.12765694770084507,4,0.0,0.9473684210526316,0.96,0.88,0.875,0.9333333333333333,0.96,0.88,0.875,0.9333333333333333,0.1282051282051282,0.5,0.2154696132596685,20|1034-C40-1078-A01-1122-A01-1166-A01-1210-A01-1254-A00-1298-B-770-A-814-A01-858-A01-902-A01-946-C40-985-A-986-A01-987-A01-988-A01-989-C40-991-C40-992-A01-993-A01-994-A01-995-A01-996-A-,10,23,56207
0,19,20,1.0,0.9230769230769231,0.05263157894736842,0.0,1.0,0.8333333333333334,0.2631578947368421,0.25,0.06666666666666667,4,0.0,1.0,0.96,0.96,1.0,0.9333333333333333,0.96,0.96,1.0,0.9333333333333333,0.1282051282051282,1.0,0.2154696132596685,20|1034-C40-1078-A01-1122-A01-1166-A01-1210-A01-1254-A-726-A-770-A01-814-A01-858-A01-902-A01-946-C40-985-A-986-A01-987-A01-988-A01-989-C40-991-C40-992-A01-993-A01-994-A01-995-A01-996-A-,10,23,56208
4,15,20,1.0,0.8461538461538461,0.2505764360892228,0.75,0.4166666666666667,0.7222222222222222,0.3684210526315789,0.23684210526315788,0.31739681904634887,4,0.0,0.7894736842105263,0.88,0.64,0.7058823529411765,0.6666666666666666,0.88,0.64,0.7058823529411765,0.6666666666666666,0.13986013986013987,0.2,0.23353293413173654,20|1034-C40-1078-A01-1122-A01-1166-A01-1210-A01-1254-A00-1298-B0020-1299-B-1342-B-814-A-858-A01-902-A01-946-C40-987-A-988-A01-989-C40-991-C40-992-A01-993-A01-994-A01-995-A01-996-A00-997-B-,10,23,56209
0,19,20,1.0,0.9230769230769231,0.10078180081645664,0.0,1.0,0.8333333333333334,0.3157894736842105,0.25,0.12765694770084507,4,0.0,1.0,0.96,0.88,0.9333333333333333,0.875,0.96,0.88,0.9333333333333333,0.875,0.1282051282051282,1.0,0.2154696132596685,20|1034-C40-1078-A00-1122-A01-1166-A01-1210-A01-1254-A-770-A-814-A01-858-A01-902-A00-946-C40-985-A-986-A01-987-A01-988-A00-989-C40-991-C40-992-A01-993-A01-994-A01-995-A01-996-A01-997-A-,10,23,56210
1,18,20,1.0,0.8461538461538461,0.13589415249850587,0.0,0.6666666666666666,0.8333333333333334,0.3157894736842105,0.25,0.12765694770084507,4,0.0,0.9473684210526316,0.8,0.72,0.8235294117647058,0.6666666666666666,0.88,0.8,0.8235294117647058,0.8,0.13986013986013987,0.5,0.23353293413173654,20|1034-C40-1078-A01-1122-A01-1166-A01-1210-A01-1254-A01-1298-A-770-A-814-A01-858-A01-902-A01-942-A-946-C40-986-B21-987-A01-988-A01-989-C40-991-C40-992-A01-993-A01-994-A01-995-A01-996-A-,10,23,56211
0,19,20,1.0,0.9230769230769231,0.10078180081645664,0.0,1.0,0.8333333333333334,0.3157894736842105,0.25,0.12765694770084507,4,0.0,1.0,0.96,0.88,0.875,0.9333333333333333,0.96,0.88,0.875,0.9333333333333333,0.1282051282051282,1.0,0.2154696132596685,20|1034-C40-1078-A01-1122-A01-1166-A01-1210-A01-1254-A01-1298-A-770-A-814-A01-858-A01-902-A01-946-C40-985-A-986-A01-987-A01-988-A01-989-C40-991-C40-992-A01-993-A01-994-A01-995-A01-996-A-,10,23,56212
4,15,20,1.0,0.8181818181818182,0.13589415249850587,0.5,0.5833333333333334,0.5555555555555556,0.2631578947368421,0.19736842105263158,0.2,4,0.1111111111111111,0.7894736842105263,0.8,0.64,0.631578947368421,0.7058823529411765,0.8,0.64,0.631578947368421,0.7058823529411765,0.20202020202020202,0.4,0.3277310924369748,20|1034-C40-1038-A00-1078-A01-1082-A-1122-A01-1164-A-1165-A00-1166-B011121-1167-A-1210-A01-1254-B-814-B-858-A01-902-A01-946-C40-987-A-988-A01-989-C40-991-C40-992-A01-993-A01-994-B0121-995-A-,10,23,56213
0,19,20,1.0,0.9230769230769231,0.05263157894736842,0.0,1.0,0.8333333333333334,0.2631578947368421,0.25,0.06666666666666667,4,0.0,1.0,0.96,0.96,0.9333333333333333,1.0,0.96,0.96,0.9333333333333333,1.0,0.1282051282051282,1.0,0.2154696132596685,20|1034-C40-1078-A00-1122-A00-1166-A00-1210-A00-1254-A-770-A-814-A00-858-A00-902-A00-946-C40-984-A-985-A00-986-A00-987-A00-988-A00-989-C40-991-C40-992-A00-993-A00-994-A00-995-A00-996-A-,10,23,56214
2,17,20,1.0,0.8461538461538461,0.13589415249850587,0.5,0.625,0.7222222222222222,0.3157894736842105,0.23684210526315788,0.17213259316477408,4,0.0,0.8947368421052632,0.88,0.64,0.7058823529411765,0.6666666666666666,0.88,0.8,0.8235294117647058,0.8,0.13986013986013987,0.3333333333333333,0.23353293413173654,20|1034-C40-1078-A01-1122-A01-1166-A01-1210-A01-1254-A01-1298-A-770-A-814-B0121-815-A-858-A01-902-A01-946-C40-986-B-987-A01-988-A01-989-C40-991-C40-992-A01-993-A01-994-A01-995-A01-996-A-,10,23,56215
0,19,20,1.0,0.9230769230769231,0.05263157894736842,0.0,1.0,0.8333333333333334,0.2631578947368421,0.25,0.06666666666666667,4,0.0,1.0,0.96,0.96,1.0,0.9333333333333333,0.96,0.96,1.0,0.9333333333333333,0.1282051282051282,1.0,0.2154696132596685,20|1034-C40-1078-A01-1122-A01-1166-A01-1210-A01-1254-A-726-A-770-A01-814-A01-858-A01-902-A01-946-C40-984-A-985-A01-986-A01-987-A01-988-A01-989-C40-991-C40-992-A01-993-A01-994-A01-995-A-,10,23,56216
0,19,20,1.0,0.9230769230769231,0.05263157894736842,0.0,1.0,0.8333333333333334,0.2631578947368421,0.25,0.06666666666666667,4,0.0,1.0,0.96,0.96,1.0,0.9333333333333333,0.96,0.96,1.0,0.9333333333333333,0.1282051282051282,1.0,0.2154696132596685,20|1034-C40-1078-A00-1122-A01-1166-A01-1210-A01-1254-A-726-A-770-A00-814-A00-858-A00-902-A00-946-C40-984-A-985-A00-986-A00-987-A00-988-A00-989-C40-991-C40-992-A01-993-A01-994-A01-995-A-,10,23,56217
0,19,20,1.0,0.9230769230769231,0.10078180081645664,0.0,1.0,0.8333333333333334,0.3157894736842105,0.25,0.12765694770084507,4,0.0,1.0,0.96,0.88,0.875,0.9333333333333333,0.96,0.88,0.875,0.9333333333333333,0.1282051282051282,1.0,0.2154696132596685,20|1034-C40-1078-A00-1122-A00-1166-A00-1210-A00-1254-A00-1298-A-770-A-814-A00-858-A00-902-A00-946-C40-985-A-986-A00-987-A00-988-A00-989-C40-991-C40-992-A00-993-A00-994-A00-995-A00-996-A-,10,23,56218
0,19,20,1.0,0.9230769230769231,0.10078180081645664,0.0,1.0,0.8333333333333334,0.3157894736842105,0.25,0.12765694770084507,4,0.0,1.0,0.96,0.88,0.875,0.9333333333333333,0.96,0.88,0.875,0.9333333333333333,0.1282051282051282,1.0,0.2154696132596685,20|1034-C40-1078-A01-1122-A01-1166-A01-1210-A01-1254-A01-1298-A-770-A-814-A01-858-A01-902-A01-946-C40-985-A-986-A01-987-A01-988-A01-989-C40-991-C40-992-A01-993-A01-994-A01-995-A01-996-A-,10,23,56219
0,19,20,1.0,0.9230769230769231,0.05263157894736842,0.0,1.0,0.8333333333333334,0.2631578947368421,0.25,0.06666666666666667,4,0.0,1.0,0.96,0.96,1.0,0.9333333333333333,0.96,0.96,1.0,0.9333333333333333,0.1282051282051282,1.0,0.2154696132596685,20|1034-C40-1078-A00-1122-A00-1166-A01-1210-A01-1254-A-726-A-770-A01-814-A01-858-A00-902-A00-946-C40-985-A-986-A01-987-A00-988-A00-989-C40-991-C40-992-A00-993-A00-994-A01-995-A01-996-A-,10,23,56220
2,17,20,1.0,0.8461538461538461,0.13589415249850587,0.5,0.625,0.7222222222222222,0.3157894736842105,0.23684210526315788,0.17213259316477408,4,0.0,0.8947368421052632,0.88,0.8,0.8235294117647058,0.8,0.88,0.8,0.8235294117647058,0.8,0.13986013986013987,0.3333333333333333,0.23353293413173654,20|1034-C40-1078-A01-1122-A01-1166-A01-1210-A01-1254-B0121-1255-A-1298-A-770-A-814-A01-858-A01-902-A01-946-C40-986-A-987-A01-988-A01-989-C40-991-C40-992-A01-993-A01-994-A01-995-A01-996-B-,10,23,56221
0,19,20,1.0,0.9230769230769231,0.10078180081645664,0.0,1.0,0.8333333333333334,0.3157894736842105,0.25,0.12765694770084507,4,0.0,1.0,0.96,0.88,0.875,0.9333333333333333,0.96,0.88,0.875,0.9333333333333333,0.1282051282051282,1.0,0.2154696132596685,20|1034-C40-1078-A01-1122-A01-1166-A01-1210-A01-1254-A01-1298-A-770-A-814-A01-858-A01-902-A01-946-C40-985-A-986-A01-987-A01-988-A01-989-C40-991-C40-992-A01-993-A01-994-A01-995-A01-996-A-,10,23,56222
2,17,20,1.0,0.7857142857142857,0.19925994195790434,1.0,0.5,0.8333333333333334,0.3157894736842105,0.25,0.25239592648001213,4,0.1111111111111111,0.8947368421052632,0.8,0.64,0.8235294117647058,0.5714285714285714,0.88,0.8,0.9411764705882353,0.7142857142857143,0.12987012987012986,0.3333333333333333,0.21787709497206703,20|1034-C40-1078-A00-1122-A01-1166-A01-1210-A01-1254-A01-1298-A-726-B-770-A01-814-A01-858-A01-902-A01-946-C40-987-B-988-A00-989-C40-991-C40-992-A01-993-A01-994-A01-995-A01-996-A01-997-A-,10,23,56223
6,13,20,1.0,1.0,0.1215474250925528,0.4,0.5714285714285714,0.4444444444444444,0.2631578947368421,0.18421052631578946,0.2309401076758503,4,0.1111111111111111,0.6842105263157895,0.64,0.56,0.5263157894736842,0.631578947368421,0.8,0.56,0.5263157894736842,0.631578947368421,0.24691358024691357,0.3333333333333333,0.3939393939393939,20|1034-C40-1078-A01-1122-A-770-B21-771-A-813-B-814-B001020-815-B0121-816-A-858-A01-859-A-898-B-902-A01-942-A01-946-C40-985-A-986-B0121-987-A01-988-A01-989-C40-991-C40-992-A01-993-A-,10,23,56224
14,5,20,1.0,0.7272727272727273,0.1324532357065044,0.7,0.5714285714285714,0.4444444444444444,0.2631578947368421,0.18421052631578946,0.17213259316477408,4,0.4444444444444444,0.26315789473684215,0.72,0.64,0.6,0.7058823529411765,0.72,0.64,0.6,0.7058823529411765,0.22727272727272727,0.3333333333333333,0.3644859813084112,20|1034-C40-1078-A00-1121-B-1122-B001020-1123-B00-1124-B-1166-B0020-1167-B-1210-B00-1254-B-814-B-858-B00-902-A00-946-C40-949-B-950-A-987-B-988-A00-989-C40-991-C40-992-A00-993-B0020-994-B21-,10,23,56225
8,11,20,1.0,0.9090909090909091,0.10078180081645664,0.6666666666666666,0.42857142857142855,0.6111111111111112,0.2631578947368421,0.2236842105263158,0.12765694770084507,4,0.2222222222222222,0.5789473684210527,0.56,0.56,0.47058823529411764,0.4444444444444444,0.8,0.72,0.7058823529411765,0.6666666666666666,0.18181818181818182,0.16666666666666666,0.29770992366412213,20|1034-C40-1078-A01-1122-A01-1164-B-1165-B00-1166-B0020-1210-B-814-A-858-B0121-859-A01-860-A-902-A01-946-C41-986-B-987-B00-988-A01-989-C41-991-C40-992-A01-993-A01-994-A01-995-A01-996-B-,10,23,56226
0,19,20,1.0,0.9230769230769231,0.10078180081645664,0.0,1.0,0.8333333333333334,0.3157894736842105,0.25,0.12765694770084507,4,0.0,1.0,0.96,0.88,0.875,0.9333333333333333,0.96,0.88,0.875,0.9333333333333333,0.1282051282051282,1.0,0.2154696132596685,20|1034-C40-1078-A01-1122-A01-1166-A01-1210-A01-1254-A01-1298-A-770-A-814-A01-858-A01-902-A01-946-C40-985-A-986-A01-987-A01-988-A01-989-C40-991-C40-992-A01-993-A01-994-A01-995-A01-996-A-,10,23,56227
0,19,20,1.0,0.9230769230769231,0.10078180081645664,0.0,1.0,0.8333333333333334,0.3157894736842105,0.25,0.12765694770084507,4,0.0,1.0,0.96,0.88,0.9333333333333333,0.875,0.96,0.88,0.9333333333333333,0.875,0.1282051282051282,1.0,0.2154696132596685,20|1034-C40-1078-A01-1122-A01-1166-A01-1210-A01-1254-A-770-A-814-A01-858-A01-902-A01-946-C40-985-A-986-A01-987-A01-988-A01-989-C40-991-C40-992-A01-993-A01-994-A01-995-A01-996-A01-997-A-,10,23,56228
0,19,20,1.0,0.9230769230769231,0.10078180081645664,0.0,1.0,0.8333333333333334,0.3157894736842105,0.25,0.12765694770084507,4,0.0,1.0,0.96,0.88,0.875,0.9333333333333333,0.96,0.88,0.875,0.9333333333333333,0.1282051282051282,1.0,0.2154696132596685,20|1034-C40-1078-A01-1122-A01-1166-A01-1210-A01-1254-A01-1298-A-770-A-814-A01-858-A01-902-A01-946-C40-985-A-986-A01-987-A01-988-A01-989-C40-991-C40-992-A01-993-A01-994-A01-995-A01-996-A-,10,23,56229
14,5,20,1.0,0.8888888888888888,0.10078180081645664,0.7,0.5714285714285714,0.4444444444444444,0.2631578947368421,0.18421052631578946,0.17213259316477408,4,0.4444444444444444,0.26315789473684215,0.72,0.64,0.631578947368421,0.6666666666666666,0.72,0.64,0.631578947368421,0.6666666666666666,0.2777777777777778,0.3333333333333333,0.43820224719101125,20|1034-C40-1037-B-1038-B20-1039-B-1078-A00-1121-B20-1122-B1020-1123-B-1165-B-858-B-902-A00-943-B-946-C40-948-A-949-B21-987-B10-988-A00-989-C40-991-C40-992-A00-993-B001020-994-B0010-995-B-,10,23,56230
0,19,20,1.0,0.9230769230769231,0.10078180081645664,0.0,1.0,0.8333333333333334,0.3157894736842105,0.25,0.12765694770084507,4,0.0,1.0,0.96,0.88,0.875,0.9333333333333333,0.96,0.88,0.875,0.9333333333333333,0.1282051282051282,1.0,0.2154696132596685,20|1034-C40-1078-A01-1122-A01-1166-A01-1210-A01-1254-A01-1298-A-770-A-814-A01-858-A01-902-A01-946-C40-985-A-986-A01-987-A01-988-A01-989-C41-991-C40-992-A01-993-A01-994-A01-995-A01-996-A-,10,23,56231
0,19,20,1.0,0.9230769230769231,0.45782415265613646,0.0,1.0,0.8333333333333334,0.47368421052631576,0.25,0.5799105933644395,4,0.0,1.0,0.96,0.4,0.5,0.5333333333333333,0.96,0.4,0.5,0.5333333333333333,0.1282051282051282,1.0,0.2154696132596685,20|1034-C40-1078-A00-1122-A01-1166-A01-1210-A01-1254-A01-1298-A01-1342-A01-1386-A01-1430-A-902-A-946-C40-988-A-989-C40-991-C40-992-A01-993-A01-994-A01-995-A01-996-A01-997-A01-998-A01-999-A-,10,23,56232
4,15,20,1.0,0.8461538461538461,0.13589415249850587,0.75,0.4166666666666667,0.7222222222222222,0.3157894736842105,0.23684210526315788,0.17213259316477408,4,0.0,0.7894736842105263,0.88,0.8,0.8235294117647058,0.8,0.88,0.8,0.8235294117647058,0.8,0.13986013986013987,0.2,0.23353293413173654,20|1034-C40-1078-A01-1122-A01-1166-A01-1210-A01-1254-B0020-1255-B-1298-B-770-A-814-A01-858-A01-902-A01-946-C40-986-A-987-A01-988-A01-989-C40-991-C40-992-A01-993-A01-994-A01-995-A01-996-B-,10,23,56233
6,13,20,1.0,0.9166666666666666,0.10078180081645664,0.6,0.35714285714285715,0.7222222222222222,0.3157894736842105,0.23684210526315788,0.17213259316477408,4,0.0,0.6842105263157895,0.88,0.8,0.8235294117647058,0.75,0.88,0.8,0.8235294117647058,0.75,0.15151515151515152,0.16666666666666666,0.25161290322580643,20|1034-C40-1078-A01-1122-A01-1166-A00-1209-B-1210-B0020-1253-A-1254-B21-770-B-814-A00-858-A01-902-A01-946-C40-986-A-987-A01-988-A01-989-C40-991-C40-992-A01-993-A01-994-A00-995-B00-996-B-,10,23,56234
0,19,20,1.0,0.9230769230769231,0.05263157894736842,0.0,1.0,0.8333333333333334,0.2631578947368421,0.25,0.06666666666666667,4,0.0,1.0,0.96,0.96,0.9333333333333333,1.0,0.96,0.96,0.9333333333333333,1.0,0.1282051282051282,1.0,0.2154696132596685,20|1034-C40-1078-A00-1122-A00-1166-A00-1210-A00-1254-A-770-A-814-A00-858-A00-902-A00-946-C40-984-A-985-A00-986-A00-987-A00-988-A00-989-C40-991-C40-992-A00-993-A00-994-A00-995-A00-996-A-,10,23,56235
0,19,20,1.0,0.9230769230769231,0.10078180081645664,0.0,1.0,0.8333333333333334,0.3157894736842105,0.25,0.12765694770084507,4,0.0,1.0,0.96,0.88,0.875,0.9333333333333333,0.96,0.88,0.875,0.9333333333333333,0.1282051282051282,1.0,0.2154696132596685,20|1034-C40-1078-A00-1122-A01-1166-A01-1210-A00-1254-A00-1298-A-770-A-814-A00-858-A00-902-A00-946-C40-985-A-986-A00-987-A00-988-A00-989-C40-991-C40-992-A00-993-A00-994-A00-995-A00-996-A-,10,23,56236
9,10,20,1.0,0.8461538461538461,0.13589415249850587,0.7142857142857143,0.35714285714285715,0.7222222222222222,0.3157894736842105,0.23684210526315788,0.17213259316477408,4,0.0,0.5263157894736842,0.88,0.64,0.7058823529411765,0.6666666666666666,0.88,0.8,0.8235294117647058,0.8,0.13986013986013987,0.16666666666666666,0.23353293413173654,20|1034-C40-1078-A01-1122-A01-1166-A00-1209-B-1210-B0020-1254-B00-1298-B-770-B-814-B00-858-A01-902-A01-946-C40-986-B-987-A01-988-A01-989-C40-991-C40-992-A01-993-A01-994-A00-995-B00-996-B-,10,23,56237
8,11,20,1.0,0.9,0.10078180081645664,0.8333333333333334,0.5,0.5555555555555556,0.2631578947368421,0.19736842105263158,0.12765694770084507,4,0.3333333333333333,0.5789473684210527,0.4,0.5,0.7368421052631579,0.5555555555555556,0.64,0.75,0.7368421052631579,0.6666666666666666,0.2222222222222222,0.3333333333333333,0.3577981651376147,20|1034-C40-1037-A-1078-A01-1122-A01-1166-B-770-B-814-B0020-815-B-858-A01-861-A-902-A01-905-A01-943-B-946-C40-949-A01-987-B20-988-A01-989-C41-991-C40-992-A00-993-B011121-994-A01-995-B-,10,23,56238
5,14,20,1.0,1.0,0.0607737125462764,0.5,0.5,0.5555555555555556,0.2631578947368421,0.19736842105263158,0.12765694770084507,4,0.0,0.7368421052631579,0.64,0.64,0.7777777777777778,0.5555555555555556,0.8,0.72,0.7777777777777778,0.6666666666666666,0.2,0.3333333333333333,0.325,20|1034-C40-1037-A-1038-B0121-1039-B-1078-A00-1082-A-1122-A01-1166-A01-1210-A-814-A-858-A01-902-A00-946-C40-950-B-986-A-987-A01-988-A00-989-C40-991-C40-992-A01-993-A01-994-B001020-995-B20-,10,23,56239
0,8,9,0.45,1.0,0.0,0.0,1.0,0.5714285714285714,0.25,0.25,0.0,4,0.0,1.0,1.0,1.0,1.0,1.0,1.0,1.0,1.0,1.0,0.1836734693877551,1.0,0.4126984126984127,9|187-A-209-A01-231-C40-250-A-251-A01-252-C40-254-C40-255-A01-256-A-275-C40-297-A01-319-A-,10,23,56240
1,18,20,1.0,0.9230769230769231,0.10078180081645664,1.0,0.6666666666666666,0.8333333333333334,0.3157894736842105,0.25,0.12765694770084507,4,0.0,0.9473684210526316,0.96,0.88,0.875,0.9333333333333333,0.96,0.88,0.875,0.9333333333333333,0.1282051282051282,0.5,0.2154696132596685,20|1034-C40-1078-A01-1122-A01-1166-A01-1210-A01-1254-A00-1298-B-770-A-814-A01-858-A01-902-A01-946-C40-985-A-986-A01-987-A01-988-A00-989-C40-991-C40-992-A01-993-A01-994-A01-995-A01-996-A-,10,23,56241
0,19,20,1.0,0.9230769230769231,0.10078180081645664,0.0,1.0,0.8333333333333334,0.3157894736842105,0.25,0.12765694770084507,4,0.0,1.0,0.96,0.88,0.875,0.9333333333333333,0.96,0.88,0.875,0.9333333333333333,0.1282051282051282,1.0,0.2154696132596685,20|1034-C40-1078-A01-1122-A01-1166-A01-1210-A01-1254-A01-1298-A-770-A-814-A01-858-A01-902-A01-946-C40-985-A-986-A01-987-A01-988-A01-989-C40-991-C40-992-A01-993-A01-994-A01-995-A01-996-A-,10,23,56242
0,19,20,1.0,0.9230769230769231,0.10078180081645664,0.0,1.0,0.8333333333333334,0.3157894736842105,0.25,0.12765694770084507,4,0.0,1.0,0.88,0.96,0.9333333333333333,0.875,0.88,0.96,0.9333333333333333,0.875,0.1282051282051282,1.0,0.2154696132596685,20|1034-C40-1078-A01-1122-A01-1166-A01-1210-A-726-A-770-A01-814-A01-858-A01-902-A01-946-C40-985-A-986-A01-987-A01-988-A01-989-C40-991-C40-992-A01-993-A01-994-A01-995-A01-996-A01-997-A-,10,23,56243
3,16,20,1.0,0.8461538461538461,0.13589415249850587,0.6666666666666666,0.5,0.7222222222222222,0.3157894736842105,0.23684210526315788,0.17213259316477408,4,0.0,0.8421052631578947,0.8,0.72,0.8235294117647058,0.6666666666666666,0.88,0.8,0.8235294117647058,0.8,0.13986013986013987,0.25,0.23353293413173654,20|1034-C40-1078-A01-1122-A01-1166-A01-1210-A01-1254-B0121-1255-A-1298-A-770-A-814-A01-858-A01-902-A01-946-C40-986-B-987-A00-988-A01-989-C41-991-C40-992-A01-993-A01-994-A01-995-A01-996-B-,10,23,56244
0,19,20,1.0,0.9230769230769231,0.10078180081645664,0.0,1.0,0.8333333333333334,0.3157894736842105,0.25,0.12765694770084507,4,0.0,1.0,0.96,0.88,0.875,0.9333333333333333,0.96,0.88,0.875,0.9333333333333333,0.1282051282051282,1.0,0.2154696132596685,20|1034-C40-1078-A01-1122-A01-1166-A01-1210-A01-1254-A01-1298-A-770-A-814-A01-858-A01-902-A01-946-C40-985-A-986-A01-987-A01-988-A01-989-C40-991-C40-992-A01-993-A01-994-A01-995-A01-996-A-,10,23,56245
4,15,20,1.0,0.8333333333333334,0.08594700851870801,0.25,0.4166666666666667,0.7222222222222222,0.2631578947368421,0.23684210526315788,0.13333333333333333,4,0.0,0.7894736842105263,0.64,0.72,0.5555555555555556,0.75,0.8,0.8,0.7777777777777778,0.75,0.16666666666666666,0.2,0.2746478873239437,20|1034-C40-1039-A-1078-A01-1122-A01-1166-A01-1210-A01-1254-A-770-B21-771-A-813-B-814-B0010-858-A01-902-A01-946-C40-986-A-987-A01-988-A01-989-C41-991-C40-992-A01-993-A01-994-A00-995-B21-,10,23,56246
0,19,20,1.0,0.9230769230769231,0.10078180081645664,0.0,1.0,0.8333333333333334,0.3157894736842105,0.25,0.12765694770084507,4,0.0,1.0,0.96,0.88,0.875,0.9333333333333333,0.96,0.88,0.875,0.9333333333333333,0.1282051282051282,1.0,0.2154696132596685,20|1034-C40-1078-A01-1122-A01-1166-A01-1210-A01-1254-A01-1298-A-770-A-814-A01-858-A01-902-A01-946-C40-985-A-986-A01-987-A01-988-A01-989-C40-991-C40-992-A01-993-A01-994-A01-995-A01-996-A-,10,23,56247
0,8,9,0.45,1.0,0.0,0.0,1.0,0.5714285714285714,0.25,0.25,0.0,4,0.0,1.0,1.0,1.0,1.0,1.0,1.0,1.0,1.0,1.0,0.1836734693877551,1.0,0.4126984126984127,9|187-A-209-A00-231-C40-250-A-251-A00-252-C40-254-C40-255-A00-256-A-275-C40-297-A00-319-A-,10,23,56248
5,14,20,1.0,1.0,0.0,0.25,0.2857142857142857,0.8333333333333334,0.3157894736842105,0.25,0.12765694770084507,4,0.0,0.7368421052631579,0.72,0.72,0.631578947368421,0.631578947368421,0.72,0.72,0.631578947368421,0.631578947368421,0.24691358024691357,0.16666666666666666,0.3939393939393939,20|1034-C40-1038-A01-1078-A01-1082-A-1122-A01-1163-B-1164-A00-1165-A01-1166-B21-814-B21-815-A-858-A01-902-A01-942-A-946-C40-986-B21-987-A01-988-A01-989-C40-991-C40-992-A01-993-A01-994-B21-,10,23,56249
0,19,20,1.0,0.9230769230769231,0.05263157894736842,0.0,1.0,0.8333333333333334,0.2631578947368421,0.25,0.06666666666666667,4,0.0,1.0,0.96,0.96,1.0,0.9333333333333333,0.96,0.96,1.0,0.9333333333333333,0.1282051282051282,1.0,0.2154696132596685,20|1034-C40-1078-A01-1122-A01-1166-A01-1210-A01-1254-A-726-A-770-A01-814-A01-858-A01-902-A01-946-C40-984-A-985-A01-986-A01-987-A01-988-A01-989-C40-991-C40-992-A01-993-A01-994-A01-995-A-,10,23,56250
0,4,5,0.25,1.0,0.0,0.0,1.0,0.0,0.25,0.25,0.0,4,0.0,1.0,1.0,1.0,1.0,1.0,1.0,1.0,1.0,1.0,0.2,1.0,0.6,5|103-A-104-C40-106-C40-107-A-119-C40-133-A-77-A-91-C40-,10,23,56251
0,19,20,1.0,0.9230769230769231,0.10078180081645664,0.0,1.0,0.8333333333333334,0.3157894736842105,0.25,0.12765694770084507,4,0.0,1.0,0.96,0.88,0.875,0.9333333333333333,0.96,0.88,0.875,0.9333333333333333,0.1282051282051282,1.0,0.2154696132596685,20|1034-C40-1078-A00-1122-A00-1166-A00-1210-A00-1254-A00-1298-A-770-A-814-A00-858-A00-902-A00-946-C40-985-A-986-A00-987-A00-988-A00-989-C40-991-C40-992-A00-993-A00-994-A00-995-A00-996-A-,10,23,56252
0,19,20,1.0,0.9230769230769231,0.10078180081645664,0.0,1.0,0.8333333333333334,0.3157894736842105,0.25,0.12765694770084507,4,0.0,1.0,0.96,0.88,0.875,0.9333333333333333,0.96,0.88,0.875,0.9333333333333333,0.1282051282051282,1.0,0.2154696132596685,20|1034-C40-1078-A01-1122-A01-1166-A01-1210-A01-1254-A01-1298-A-770-A-814-A01-858-A01-902-A01-946-C40-985-A-986-A01-987-A01-988-A01-989-C40-991-C40-992-A01-993-A01-994-A01-995-A01-996-A-,10,23,56253
0,19,20,1.0,0.9230769230769231,0.10078180081645664,0.0,1.0,0.8333333333333334,0.3157894736842105,0.25,0.12765694770084507,4,0.0,1.0,0.96,0.88,0.875,0.9333333333333333,0.96,0.88,0.875,0.9333333333333333,0.1282051282051282,1.0,0.2154696132596685,20|1034-C40-1078-A00-1122-A01-1166-A01-1210-A01-1254-A01-1298-A-770-A-814-A01-858-A01-902-A01-946-C40-985-A-986-A01-987-A01-988-A01-989-C40-991-C40-992-A01-993-A01-994-A01-995-A01-996-A-,10,23,56254
4,15,20,1.0,0.9166666666666666,0.10078180081645664,0.5,0.5,0.6111111111111112,0.2631578947368421,0.2236842105263158,0.12765694770084507,4,0.1111111111111111,0.7894736842105263,0.64,0.64,0.8235294117647058,0.625,0.88,0.8,0.8235294117647058,0.75,0.15151515151515152,0.2,0.25161290322580643,20|1034-C40-1078-A01-1122-A01-1166-A00-1209-A-1210-B0121-1254-A-770-B-814-A00-858-A01-902-A01-943-A-946-C40-986-A-987-B0121-988-A01-989-C41-991-C40-992-A01-993-A01-994-A01-995-A01-996-B-,10,23,56255
3,16,20,1.0,1.0,0.0607737125462764,0.6666666666666666,0.4,0.8333333333333334,0.3157894736842105,0.25,0.12765694770084507,4,0.0,0.8421052631578947,0.96,0.88,0.875,0.875,0.96,0.88,0.875,0.875,0.1388888888888889,0.25,0.23214285714285715,20|1034-C40-1078-A01-1122-A01-1166-A01-1210-A01-1253-B-1254-B10-770-A-814-A01-858-A01-902-A01-946-C40-985-A-986-A01-987-A01-988-A01-989-C40-991-C40-992-A01-993-A01-994-A01-995-A01-996-B-,10,23,56256
3,16,20,1.0,0.8461538461538461,0.13589415249850587,0.6666666666666666,0.4,0.8333333333333334,0.3157894736842105,0.25,0.12765694770084507,4,0.0,0.8421052631578947,0.8,0.72,0.8235294117647058,0.6666666666666666,0.88,0.8,0.8235294117647058,0.8,0.13986013986013987,0.25,0.23353293413173654,20|1034-C40-1078-A01-1122-A01-1166-A01-1210-A01-1254-A00-1298-B-770-A-814-A01-858-A01-902-A01-942-B-946-C40-986-B20-987-A01-988-A01-989-C40-991-C40-992-A01-993-A01-994-A01-995-A01-996-A-,10,23,56257
0,4,5,0.25,1.0,0.0,0.0,1.0,0.0,0.25,0.25,0.0,4,0.0,1.0,1.0,1.0,1.0,1.0,1.0,1.0,1.0,1.0,0.2,1.0,0.6,5|103-A-104-C40-106-C40-107-A-119-C40-133-A-77-A-91-C40-,10,23,56258
0,19,20,1.0,0.9230769230769231,0.10078180081645664,0.0,1.0,0.8333333333333334,0.3157894736842105,0.25,0.12765694770084507,4,0.0,1.0,0.96,0.88,0.875,0.9333333333333333,0.96,0.88,0.875,0.9333333333333333,0.1282051282051282,1.0,0.2154696132596685,20|1034-C40-1078-A01-1122-A01-1166-A01-1210-A01-1254-A01-1298-A-770-A-814-A01-858-A01-902-A01-946-C40-985-A-986-A01-987-A01-988-A01-989-C40-991-C40-992-A01-993-A01-994-A01-995-A01-996-A-,10,23,56259
9,10,20,1.0,0.8,0.14886458551295736,0.8571428571428571,0.6428571428571429,0.3888888888888889,0.3157894736842105,0.18421052631578946,0.25531389540169014,4,0.0,0.5263157894736842,0.64,0.56,0.5,0.6666666666666666,0.72,0.56,0.6,0.6666666666666666,0.25,0.5,0.3979591836734694,20|1034-C40-1038-A-1078-A01-1122-A01-1165-B-1166-A00-1208-B-1209-B001020-1210-B001020-1211-B-1253-B-1254-B-858-A-902-A01-946-C40-950-B-987-A-988-A01-989-C40-991-C40-992-A01-993-A01-994-B1021-,10,23,56260
0,19,20,1.0,0.9230769230769231,0.10078180081645664,0.0,1.0,0.8333333333333334,0.3157894736842105,0.25,0.12765694770084507,4,0.0,1.0,0.96,0.88,0.9333333333333333,0.875,0.96,0.88,0.9333333333333333,0.875,0.1282051282051282,1.0,0.2154696132596685,20|1034-C40-1078-A01-1122-A01-1166-A01-1210-A01-1254-A-770-A-814-A01-858-A01-902-A01-946-C40-985-A-986-A01-987-A01-988-A01-989-C40-991-C40-992-A01-993-A01-994-A01-995-A01-996-A01-997-A-,10,23,56261
10,9,20,1.0,0.8,0.08594700851870801,0.625,0.6428571428571429,0.3888888888888889,0.2631578947368421,0.18421052631578946,0.17213259316477408,4,0.2222222222222222,0.4736842105263158,0.48,0.56,0.6,0.5555555555555556,0.72,0.72,0.8,0.6666666666666666,0.25,0.5,0.3979591836734694,20|1034-C40-1037-A-1078-A01-1121-B-1122-A01-1165-B20-1166-B001020-1167-B-1210-B-814-B-857-B-858-B0020-902-A00-946-C40-948-A-949-B21-987-A-988-A01-989-C40-991-C40-992-A00-993-B011120-994-A-,10,23,56262
0,19,20,1.0,0.9230769230769231,0.05263157894736842,0.0,1.0,0.8333333333333334,0.2631578947368421,0.25,0.06666666666666667,4,0.0,1.0,0.96,0.96,1.0,0.9333333333333333,0.96,0.96,1.0,0.9333333333333333,0.1282051282051282,1.0,0.2154696132596685,20|1034-C40-1078-A00-1122-A00-1166-A00-1210-A00-1254-A-726-A-770-A00-814-A00-858-A00-902-A00-946-C40-985-A-986-A00-987-A00-988-A00-989-C40-991-C40-992-A00-993-A00-994-A00-995-A00-996-A-,10,23,56263
2,17,20,1.0,0.9230769230769231,0.33700653881225523,1.0,0.5,0.8333333333333334,0.42105263157894735,0.25,0.42687494916218993,4,0.2222222222222222,0.8947368421052632,0.96,0.4,0.5,0.5333333333333333,0.96,0.56,0.625,0.6666666666666666,0.1282051282051282,0.3333333333333333,0.2154696132596685,20|1034-C40-1078-A01-1122-A00-1166-A01-1210-A00-1254-A01-1298-A00-1342-A01-1386-A-858-B-902-A00-946-C40-987-B-988-A00-989-C40-991-C40-992-A01-993-A00-994-A01-995-A00-996-A01-997-A00-998-A-,10,23,56264
0,19,20,1.0,0.9230769230769231,0.10078180081645664,0.0,1.0,0.8333333333333334,0.3157894736842105,0.25,0.12765694770084507,4,0.0,1.0,0.96,0.88,0.875,0.9333333333333333,0.96,0.88,0.875,0.9333333333333333,0.1282051282051282,1.0,0.2154696132596685,20|1034-C40-1078-A01-1122-A01-1166-A01-1210-A01-1254-A01-1298-A-770-A-814-A01-858-A01-902-A01-946-C40-985-A-986-A01-987-A01-988-A01-989-C40-991-C40-992-A01-993-A01-994-A01-995-A01-996-A-,10,23,56265
0,8,9,0.45,1.0,0.0,0.0,1.0,0.5714285714285714,0.25,0.25,0.0,4,0.0,1.0,1.0,1.0,1.0,1.0,1.0,1.0,1.0,1.0,0.1836734693877551,1.0,0.4126984126984127,9|187-A-209-A00-231-C40-250-A-251-A00-252-C40-254-C40-255-A00-256-A-275-C40-297-A00-319-A-,10,23,56266
6,13,20,1.0,0.9166666666666666,0.10078180081645664,0.6,0.35714285714285715,0.7222222222222222,0.3157894736842105,0.23684210526315788,0.17213259316477408,4,0.0,0.6842105263157895,0.88,0.8,0.8235294117647058,0.75,0.88,0.8,0.8235294117647058,0.75,0.15151515151515152,0.16666666666666666,0.25161290322580643,20|1034-C40-1078-A01-1122-A01-1166-A00-1210-B0010-1211-B-1253-A-1254-B20-770-B-814-A00-858-A01-902-A01-946-C40-986-A-987-A01-988-A01-989-C40-991-C40-992-A01-993-A01-994-A00-995-B00-996-B-,10,23,56267
2,17,20,1.0,0.8181818181818182,0.10526315789473684,0.0,0.875,0.5555555555555556,0.2631578947368421,0.18421052631578946,0.13333333333333333,4,0.2222222222222222,0.8947368421052632,0.64,0.64,0.5263157894736842,0.9411764705882353,0.72,0.72,0.631578947368421,0.9411764705882353,0.20202020202020202,0.6666666666666666,0.3277310924369748,20|1034-C40-1078-A00-1120-A-1121-A01-1122-B011121-1123-A01-1124-A-1166-A01-1209-A-1210-B0121-1254-A-814-A-858-A01-902-A01-946-C40-986-A-987-A01-988-A01-989-C40-991-C40-992-A01-993-A01-994-A-,10,23,56268
3,16,20,1.0,0.8333333333333334,0.08594700851870801,0.3333333333333333,0.5,0.7222222222222222,0.3157894736842105,0.23684210526315788,0.17213259316477408,4,0.0,0.8421052631578947,0.8,0.8,0.7777777777777778,0.75,0.8,0.8,0.7777777777777778,0.75,0.16666666666666666,0.25,0.2746478873239437,20|1034-C40-1039-A-1078-A01-1122-A01-1166-A00-1208-A-1209-A01-1210-B0121-1254-A-770-B-814-A00-858-A01-902-A01-946-C40-986-A-987-A01-988-A01-989-C40-991-C40-992-A01-993-A01-994-A00-995-B21-,10,23,56269
1,18,20,1.0,0.9230769230769231,0.10078180081645664,1.0,0.6666666666666666,0.8333333333333334,0.3157894736842105,0.25,0.12765694770084507,4,0.0,0.9473684210526316,0.96,0.88,0.875,0.9333333333333333,0.96,0.88,0.875,0.9333333333333333,0.1282051282051282,0.5,0.2154696132596685,20|1034-C40-1078-A01-1122-A01-1166-A01-1210-A01-1254-A00-1298-B-770-A-814-A01-858-A01-902-A01-946-C40-985-A-986-A01-987-A01-988-A01-989-C40-991-C40-992-A01-993-A01-994-A01-995-A01-996-A-,10,23,56270
3,16,20,1.0,0.8333333333333334,0.08594700851870801,0.3333333333333333,0.5,0.7222222222222222,0.3157894736842105,0.23684210526315788,0.17213259316477408,4,0.0,0.8421052631578947,0.8,0.8,0.7777777777777778,0.75,0.8,0.8,0.7777777777777778,0.75,0.16666666666666666,0.25,0.2746478873239437,20|1034-C40-1039-A-1078-A01-1122-A01-1166-A00-1208-A-1209-A01-1210-B0121-1254-A-770-B-814-A00-858-A01-902-A01-946-C40-986-A-987-A01-988-A01-989-C40-991-C40-992-A01-993-A01-994-A00-995-B21-,10,23,56271
3,16,20,1.0,1.0,0.0607737125462764,0.6666666666666666,0.4,0.8333333333333334,0.3157894736842105,0.25,0.12765694770084507,4,0.0,0.8421052631578947,0.96,0.88,0.875,0.875,0.96,0.88,0.875,0.875,0.1388888888888889,0.25,0.23214285714285715,20|1034-C40-1078-A01-1122-A01-1166-A01-1210-A01-1254-B20-1255-B-770-A-814-A01-858-A01-902-A01-946-C40-985-A-986-A01-987-A01-988-A01-989-C40-991-C40-992-A01-993-A01-994-A01-995-A01-996-B-,10,23,56272
4,15,20,1.0,0.9090909090909091,0.10078180081645664,0.5,0.5833333333333334,0.5555555555555556,0.2631578947368421,0.19736842105263158,0.12765694770084507,4,0.0,0.7894736842105263,0.88,0.72,0.6666666666666666,0.8235294117647058,0.88,0.72,0.6666666666666666,0.8235294117647058,0.18181818181818182,0.4,0.29770992366412213,20|1034-C40-1038-A-1078-A01-1122-A01-1164-A-1165-A01-1166-B011121-1167-A-1210-A01-1254-A-814-B-858-A01-902-A01-946-C40-986-B-987-A01-988-A01-989-C40-991-C40-992-A01-993-A01-994-B0121-995-A-,10,23,56273
0,19,20,1.0,0.9230769230769231,0.10078180081645664,0.0,1.0,0.8333333333333334,0.3157894736842105,0.25,0.12765694770084507,4,0.0,1.0,0.96,0.88,0.875,0.9333333333333333,0.96,0.88,0.875,0.9333333333333333,0.1282051282051282,1.0,0.2154696132596685,20|1034-C40-1078-A01-1122-A01-1166-A01-1210-A01-1254-A01-1298-A-770-A-814-A01-858-A01-902-A01-946-C40-985-A-986-A01-987-A01-988-A01-989-C40-991-C40-992-A01-993-A01-994-A01-995-A01-996-A-,10,23,56274
0,16,17,0.85,1.0,0.0,0.0,1.0,0.8,0.25,0.25,0.0,4,0.0,1.0,1.0,1.0,1.0,1.0,1.0,1.0,1.0,1.0,0.14049586776859505,1.0,0.24475524475524477,17|551-A-589-A01-627-A01-665-A01-703-C40-736-A-737-A01-738-A01-739-A01-740-C40-742-C40-743-A01-744-A01-745-A01-746-A-779-C40-817-A01-855-A01-893-A01-931-A-,10,23,56275
0,19,20,1.0,0.9230769230769231,0.05263157894736842,0.0,1.0,0.8333333333333334,0.2631578947368421,0.25,0.06666666666666667,4,0.0,1.0,0.96,0.96,0.9333333333333333,1.0,0.96,0.96,0.9333333333333333,1.0,0.1282051282051282,1.0,0.2154696132596685,20|1034-C40-1078-A01-1122-A01-1166-A01-1210-A01-1254-A-770-A-814-A01-858-A01-902-A01-946-C40-984-A-985-A01-986-A01-987-A01-988-A01-989-C40-991-C40-992-A01-993-A01-994-A01-995-A01-996-A-,10,23,56276
0,4,5,0.25,1.0,0.0,0.0,1.0,0.0,0.25,0.25,0.0,4,0.0,1.0,1.0,1.0,1.0,1.0,1.0,1.0,1.0,1.0,0.2,1.0,0.6,5|103-A-104-C40-106-C40-107-A-119-C40-133-A-77-A-91-C40-,10,23,56277
2,17,20,1.0,0.8461538461538461,0.13589415249850587,0.5,0.625,0.7222222222222222,0.3157894736842105,0.23684210526315788,0.17213259316477408,4,0.0,0.8947368421052632,0.88,0.8,0.8235294117647058,0.8,0.88,0.8,0.8235294117647058,0.8,0.13986013986013987,0.3333333333333333,0.23353293413173654,20|1034-C40-1078-A01-1122-A01-1166-A01-1210-A01-1254-B0121-1255-A-1298-A-770-A-814-A01-858-A01-902-A01-946-C40-986-A-987-A01-988-A01-989-C40-991-C40-992-A01-993-A01-994-A01-995-A01-996-B-,10,23,56278
0,19,20,1.0,0.9230769230769231,0.10078180081645664,0.0,1.0,0.8333333333333334,0.3157894736842105,0.25,0.12765694770084507,4,0.0,1.0,0.96,0.88,0.875,0.9333333333333333,0.96,0.88,0.875,0.9333333333333333,0.1282051282051282,1.0,0.2154696132596685,20|1034-C40-1078-A00-1122-A01-1166-A01-1210-A01-1254-A01-1298-A-770-A-814-A01-858-A01-902-A00-946-C40-985-A-986-A01-987-A01-988-A00-989-C40-991-C40-992-A00-993-A01-994-A01-995-A01-996-A-,10,23,56279
0,19,20,1.0,0.9230769230769231,0.15789473684210528,0.0,1.0,0.8333333333333334,0.3157894736842105,0.25,0.2,4,0.0,1.0,0.96,0.8,0.875,0.8,0.96,0.8,0.875,0.8,0.1282051282051282,1.0,0.2154696132596685,20|1034-C40-1078-A01-1122-A01-1166-A01-1210-A-682-A-726-A01-770-A01-814-A01-858-A01-902-A01-946-C40-983-A-984-A01-985-A01-986-A01-987-A01-988-A01-989-C40-991-C40-992-A01-993-A01-994-A-,10,23,56280
4,15,20,1.0,0.8461538461538461,0.13589415249850587,0.75,0.4166666666666667,0.7222222222222222,0.3157894736842105,0.23684210526315788,0.17213259316477408,4,0.0,0.7894736842105263,0.88,0.8,0.8235294117647058,0.8,0.88,0.8,0.8235294117647058,0.8,0.13986013986013987,0.2,0.23353293413173654,20|1034-C40-1078-A01-1122-A01-1166-A01-1210-A01-1254-B0020-1255-B-1298-B-770-A-814-A01-858-A01-902-A01-946-C40-986-A-987-A01-988-A01-989-C40-991-C40-992-A01-993-A01-994-A01-995-A01-996-B-,10,23,56281
0,19,20,1.0,0.9230769230769231,0.10078180081645664,0.0,1.0,0.8333333333333334,0.3157894736842105,0.25,0.12765694770084507,4,0.0,1.0,0.96,0.88,0.875,0.9333333333333333,0.96,0.88,0.875,0.9333333333333333,0.1282051282051282,1.0,0.2154696132596685,20|1034-C40-1078-A01-1122-A01-1166-A01-1210-A01-1254-A01-1298-A-770-A-814-A01-858-A01-902-A01-946-C40-985-A-986-A01-987-A01-988-A01-989-C40-991-C40-992-A01-993-A01-994-A01-995-A01-996-A-,10,23,56282
0,17,18,0.9,0.9166666666666666,0.058823529411764705,0.0,1.0,0.8125,0.29411764705882354,0.25,0.07692307692307693,4,0.0,1.0,0.9565217391304348,0.9565217391304348,1.0,0.9333333333333333,0.9565217391304348,0.9565217391304348,1.0,0.9333333333333333,0.13636363636363635,1.0,0.23870967741935484,18|1020-A-620-A-660-A00-700-A00-740-A00-780-C40-815-A-816-A00-817-A00-818-A00-819-C40-821-C40-822-A00-823-A00-824-A00-825-A00-826-A-860-C40-900-A00-940-A00-980-A00-,10,23,56283
7,12,20,1.0,0.9166666666666666,0.10078180081645664,0.6666666666666666,0.35714285714285715,0.7222222222222222,0.3157894736842105,0.23684210526315788,0.17213259316477408,4,0.0,0.631578947368421,0.8,0.72,0.8235294117647058,0.625,0.88,0.8,0.8235294117647058,0.75,0.15151515151515152,0.16666666666666666,0.25161290322580643,20|1034-C40-1078-A01-1122-A01-1166-A00-1209-B-1210-B0020-1253-A-1254-B21-770-B-814-A00-858-A01-902-A01-946-C40-986-B-987-A01-988-A01-989-C40-991-C40-992-A01-993-A01-994-A00-995-B00-996-B-,10,23,56284
0,19,20,1.0,0.9230769230769231,0.05263157894736842,0.0,1.0,0.8333333333333334,0.2631578947368421,0.25,0.06666666666666667,4,0.0,1.0,0.96,0.96,1.0,0.9333333333333333,0.96,0.96,1.0,0.9333333333333333,0.1282051282051282,1.0,0.2154696132596685,20|1034-C40-1078-A01-1122-A01-1166-A01-1210-A01-1254-A-726-A-770-A01-814-A01-858-A01-902-A01-946-C40-985-A-986-A01-987-A01-988-A01-989-C40-991-C40-992-A01-993-A01-994-A01-995-A01-996-A-,10,23,56285
6,13,20,1.0,0.8181818181818182,0.1823211376388292,0.6,0.5,0.5555555555555556,0.3684210526315789,0.19736842105263158,0.2956474376811127,4,0.1111111111111111,0.6842105263157895,0.56,0.56,0.5263157894736842,0.7058823529411765,0.64,0.64,0.5263157894736842,0.8235294117647058,0.20202020202020202,0.3333333333333333,0.3277310924369748,20|1034-C40-1078-A01-1122-A01-1164-A-1165-A01-1166-B011021-1167-B-1210-A01-1211-B-1254-B0020-1255-B20-1298-B-858-A-902-A01-946-C40-986-A-987-A01-988-A01-989-C40-991-C40-992-A01-993-A01-994-A-,10,23,56286
0,19,20,1.0,0.9230769230769231,0.10078180081645664,0.0,1.0,0.8333333333333334,0.3157894736842105,0.25,0.12765694770084507,4,0.0,1.0,0.96,0.88,0.875,0.9333333333333333,0.96,0.88,0.875,0.9333333333333333,0.1282051282051282,1.0,0.2154696132596685,20|1034-C40-1078-A01-1122-A01-1166-A01-1210-A01-1254-A01-1298-A-770-A-814-A01-858-A01-902-A01-946-C40-985-A-986-A01-987-A01-988-A01-989-C40-991-C40-992-A01-993-A01-994-A01-995-A01-996-A-,10,23,56287
2,17,20,1.0,0.9230769230769231,0.10078180081645664,1.0,0.5,0.8333333333333334,0.3157894736842105,0.25,0.12765694770084507,4,0.0,0.8947368421052632,0.96,0.72,0.75,0.8,0.96,0.88,0.875,0.9333333333333333,0.1282051282051282,0.3333333333333333,0.2154696132596685,20|1034-C40-1078-A01-1122-A01-1166-A01-1210-A01-1254-A01-1298-A-770-B-814-A00-858-A01-902-A01-946-C40-985-B-986-A00-987-A01-988-A01-989-C40-991-C40-992-A01-993-A01-994-A01-995-A01-996-A-,10,23,56288
0,19,20,1.0,0.9230769230769231,0.10078180081645664,0.0,1.0,0.8333333333333334,0.3157894736842105,0.25,0.12765694770084507,4,0.0,1.0,0.96,0.88,0.875,0.9333333333333333,0.96,0.88,0.875,0.9333333333333333,0.1282051282051282,1.0,0.2154696132596685,20|1034-C40-1078-A01-1122-A01-1166-A01-1210-A01-1254-A01-1298-A-770-A-814-A01-858-A01-902-A01-946-C40-985-A-986-A01-987-A01-988-A01-989-C40-991-C40-992-A01-993-A01-994-A01-995-A01-996-A-,10,23,56289
4,15,20,1.0,0.8461538461538461,0.13589415249850587,0.75,0.4166666666666667,0.7222222222222222,0.3157894736842105,0.23684210526315788,0.17213259316477408,4,0.0,0.7894736842105263,0.8,0.72,0.8235294117647058,0.6666666666666666,0.88,0.8,0.8235294117647058,0.8,0.13986013986013987,0.2,0.23353293413173654,20|1034-C40-1078-A01-1122-A01-1166-A01-1210-A01-1254-B0021-1255-A-1298-B-770-A-814-A01-858-A01-902-A01-946-C40-986-B-987-A01-988-A01-989-C40-991-C40-992-A01-993-A01-994-A01-995-A01-996-B-,10,23,56290
0,19,20,1.0,0.9230769230769231,0.05263157894736842,0.0,1.0,0.8333333333333334,0.2631578947368421,0.25,0.06666666666666667,4,0.0,1.0,0.96,0.96,1.0,0.9333333333333333,0.96,0.96,1.0,0.9333333333333333,0.1282051282051282,1.0,0.2154696132596685,20|1034-C40-1078-A00-1122-A01-1166-A01-1210-A00-1254-A-726-A-770-A00-814-A01-858-A01-902-A00-946-C40-985-A-986-A01-987-A01-988-A00-989-C40-991-C40-992-A00-993-A01-994-A01-995-A00-996-A-,10,23,56291
0,19,20,1.0,0.9230769230769231,0.27683743575542985,0.0,1.0,0.8333333333333334,0.3684210526315789,0.25,0.3506607519568778,4,0.0,1.0,0.64,0.96,0.75,0.6666666666666666,0.64,0.96,0.75,0.6666666666666666,0.1282051282051282,1.0,0.2154696132596685,20|1034-C40-1078-A00-1122-A01-1166-A-638-A-682-A00-726-A00-770-A00-814-A00-858-A00-902-A00-946-C40-987-A-988-A01-989-C40-991-C40-992-A00-993-A00-994-A00-995-A00-996-A00-997-A00-998-A-,10,23,56292
8,11,20,1.0,0.9090909090909091,0.17977106606946666,0.8333333333333334,0.42857142857142855,0.6666666666666666,0.3684210526315789,0.2236842105263158,0.2748737083745107,4,0.0,0.5789473684210527,0.56,0.64,0.5555555555555556,0.7058823529411765,0.64,0.72,0.5555555555555556,0.8235294117647058,0.18181818181818182,0.3333333333333333,0.29770992366412213,20|1034-C40-1038-B-1078-A01-1122-A01-1166-A01-1210-A01-1211-B-1253-B-1254-B001020-1255-B20-1298-B-858-A-902-A01-946-C40-985-B-986-A01-987-A01-988-A00-989-C40-991-C40-992-A01-993-A01-994-B20-,10,23,56293
6,13,20,1.0,0.9090909090909091,0.10078180081645664,0.6,0.42857142857142855,0.6666666666666666,0.2631578947368421,0.2236842105263158,0.12765694770084507,4,0.0,0.6842105263157895,0.56,0.72,0.6666666666666666,0.5882352941176471,0.8,0.8,0.7777777777777778,0.7058823529411765,0.18181818181818182,0.3333333333333333,0.29770992366412213,20|1034-C40-1038-B-1039-A-1078-A01-1122-A01-1166-A01-1210-A01-1254-B-814-B21-815-A-858-A01-902-A01-946-C40-950-B-986-A-987-A01-988-A01-989-C40-991-C40-992-A01-993-A01-994-B001020-995-B21-,10,23,56294
5,14,20,1.0,0.7777777777777778,0.2015636016329133,0.25,0.7142857142857143,0.3333333333333333,0.47368421052631576,0.15789473684210525,0.5333333333333333,4,0.5555555555555556,0.7368421052631579,0.4,0.43478260869565216,0.5,0.34782608695652173,0.4,0.43478260869565216,0.5,0.34782608695652173,0.31746031746031744,0.6666666666666666,0.4936708860759494,20|1034-C40-1037-A-1078-A-819-B21-820-A-861-A-863-A01-902-A-904-A-905-B011121-906-A01-907-B011121-908-A-946-C40-949-A01-951-A-988-A-989-C40-991-C40-992-A00-993-B011121-994-A01-995-B-,10,23,56295
0,19,20,1.0,0.9230769230769231,0.05263157894736842,0.0,1.0,0.8333333333333334,0.2631578947368421,0.25,0.06666666666666667,4,0.0,1.0,0.96,0.96,1.0,0.9333333333333333,0.96,0.96,1.0,0.9333333333333333,0.1282051282051282,1.0,0.2154696132596685,20|1034-C40-1078-A00-1122-A01-1166-A01-1210-A00-1254-A-726-A-770-A00-814-A01-858-A01-902-A00-946-C40-985-A-986-A01-987-A01-988-A00-989-C40-991-C40-992-A00-993-A01-994-A01-995-A00-996-A-,10,23,56296
2,17,20,1.0,0.9090909090909091,0.15789473684210528,0.0,0.875,0.5555555555555556,0.3157894736842105,0.21052631578947367,0.24343224778007383,4,0.0,0.8947368421052632,0.88,0.64,0.6666666666666666,0.7058823529411765,0.88,0.64,0.6666666666666666,0.7058823529411765,0.18181818181818182,0.6666666666666666,0.29770992366412213,20|1034-C40-1039-A-1078-A00-1122-A01-1166-A01-1208-A-1209-A01-1210-B011121-1211-A-1254-A-814-A-858-A01-902-A01-946-C40-987-A-988-A01-989-C40-991-C40-992-A00-993-A01-994-A01-995-B0121-996-A-,10,23,56297
5,14,20,1.0,1.0,0.13589415249850587,1.0,0.35714285714285715,0.7222222222222222,0.3157894736842105,0.23684210526315788,0.17213259316477408,4,0.0,0.7368421052631579,0.8,0.72,0.625,0.875,0.88,0.8,0.75,0.875,0.1388888888888889,0.16666666666666666,0.23214285714285715,20|1034-C40-1078-A01-1122-A01-1166-A01-1210-A01-1254-B0020-1255-B-1298-B-814-B-858-A01-902-A01-946-C40-985-A-986-A01-987-A01-988-A01-989-C40-991-C40-992-A01-993-A01-994-A01-995-A01-996-B-,10,23,56298
2,17,20,1.0,0.8461538461538461,0.13589415249850587,0.5,0.625,0.7222222222222222,0.3157894736842105,0.23684210526315788,0.17213259316477408,4,0.0,0.8947368421052632,0.88,0.8,0.8235294117647058,0.8,0.88,0.8,0.8235294117647058,0.8,0.13986013986013987,0.3333333333333333,0.23353293413173654,20|1034-C40-1078-A01-1122-A01-1166-A01-1210-A01-1254-B0121-1255-A-1298-A-770-A-814-A01-858-A01-902-A01-946-C40-986-A-987-A01-988-A01-989-C40-991-C40-992-A01-993-A01-994-A01-995-A01-996-B-,10,23,56299
0,19,20,1.0,0.9230769230769231,0.10078180081645664,0.0,1.0,0.8333333333333334,0.3157894736842105,0.25,0.12765694770084507,4,0.0,1.0,0.96,0.88,0.875,0.9333333333333333,0.96,0.88,0.875,0.9333333333333333,0.1282051282051282,1.0,0.2154696132596685,20|1034-C40-1078-A01-1122-A01-1166-A01-1210-A01-1254-A01-1298-A-770-A-814-A01-858-A01-902-A01-946-C40-985-A-986-A01-987-A01-988-A01-989-C40-991-C40-992-A01-993-A01-994-A01-995-A01-996-A-,10,23,56300
6,13,20,1.0,1.0,0.13589415249850587,0.8,0.35714285714285715,0.7222222222222222,0.3157894736842105,0.23684210526315788,0.17213259316477408,4,0.1111111111111111,0.6842105263157895,0.72,0.64,0.875,0.5,0.88,0.8,0.875,0.75,0.1388888888888889,0.16666666666666666,0.23214285714285715,20|1034-C40-1078-A01-1122-A01-1166-A01-1210-A01-1254-B-770-A-814-A01-858-A01-902-A01-943-B-946-C40-986-B-987-B0010-988-A00-989-C40-991-C40-992-A00-993-A01-994-A01-995-A00-996-B00-997-B-,10,24,56301
0,4,5,0.25,1.0,0.0,0.0,1.0,0.0,0.25,0.25,0.0,4,0.0,1.0,1.0,1.0,1.0,1.0,1.0,1.0,1.0,1.0,0.2,1.0,0.6,5|103-A-104-C40-106-C40-107-A-119-C40-133-A-77-A-91-C40-,10,24,56302
5,14,20,1.0,1.0,0.0,0.25,0.2857142857142857,0.8333333333333334,0.3157894736842105,0.25,0.12765694770084507,4,0.0,0.7368421052631579,0.72,0.72,0.631578947368421,0.631578947368421,0.72,0.72,0.631578947368421,0.631578947368421,0.24691358024691357,0.16666666666666666,0.3939393939393939,20|1030-A-1034-C40-1078-A00-1122-A00-1166-B20-1167-A00-1168-A00-1169-B-813-A-814-B20-858-A00-902-A00-906-A-946-C40-950-A00-986-B20-987-A00-988-A00-989-C40-991-C40-992-A00-993-A00-994-B20-,10,24,56303
0,19,20,1.0,0.9230769230769231,0.10078180081645664,0.0,1.0,0.8333333333333334,0.3157894736842105,0.25,0.12765694770084507,4,0.0,1.0,0.88,0.96,0.9333333333333333,0.875,0.88,0.96,0.9333333333333333,0.875,0.1282051282051282,1.0,0.2154696132596685,20|1034-C40-1078-A01-1122-A01-1166-A01-1210-A-726-A-770-A01-814-A01-858-A01-902-A01-946-C40-985-A-986-A01-987-A01-988-A01-989-C40-991-C40-992-A01-993-A01-994-A01-995-A01-996-A01-997-A-,10,24,56304
0,19,20,1.0,0.9230769230769231,0.10078180081645664,0.0,1.0,0.8333333333333334,0.3157894736842105,0.25,0.12765694770084507,4,0.0,1.0,0.96,0.88,0.875,0.9333333333333333,0.96,0.88,0.875,0.9333333333333333,0.1282051282051282,1.0,0.2154696132596685,20|1034-C40-1078-A00-1122-A01-1166-A01-1210-A01-1254-A01-1298-A-770-A-814-A01-858-A01-902-A00-946-C40-985-A-986-A01-987-A01-988-A00-989-C40-991-C40-992-A00-993-A01-994-A01-995-A01-996-A-,10,24,56305
3,16,20,1.0,0.8461538461538461,0.13589415249850587,0.6666666666666666,0.5,0.7222222222222222,0.3157894736842105,0.23684210526315788,0.17213259316477408,4,0.1111111111111111,0.8421052631578947,0.72,0.64,0.8235294117647058,0.5333333333333333,0.88,0.8,0.8235294117647058,0.8,0.13986013986013987,0.25,0.23353293413173654,20|1034-C40-1078-A00-1122-A01-1166-A01-1210-A01-1254-A01-1298-A-770-A-814-A01-858-A01-902-A01-943-B-946-C40-986-B-987-B0010-988-A00-989-C40-991-C40-992-A00-993-A01-994-A01-995-A01-996-A-,10,24,56306
4,15,20,1.0,0.9090909090909091,0.10078180081645664,0.5,0.5833333333333334,0.5555555555555556,0.2631578947368421,0.19736842105263158,0.12765694770084507,4,0.0,0.7894736842105263,0.88,0.72,0.6666666666666666,0.8235294117647058,0.88,0.72,0.6666666666666666,0.8235294117647058,0.18181818181818182,0.4,0.29770992366412213,20|1034-C40-1038-A-1078-A01-1122-A01-1164-A-1165-A01-1166-B011121-1167-A-1210-A01-1254-A-814-B-858-A01-902-A01-946-C40-986-B-987-A01-988-A01-989-C40-991-C40-992-A01-993-A01-994-B0121-995-A-,10,24,56307
0,19,20,1.0,0.9230769230769231,0.10078180081645664,0.0,1.0,0.8333333333333334,0.3157894736842105,0.25,0.12765694770084507,4,0.0,1.0,0.96,0.88,0.875,0.9333333333333333,0.96,0.88,0.875,0.9333333333333333,0.1282051282051282,1.0,0.2154696132596685,20|1034-C40-1078-A01-1122-A01-1166-A01-1210-A01-1254-A01-1298-A-770-A-814-A01-858-A01-902-A01-946-C40-985-A-986-A01-987-A01-988-A01-989-C40-991-C40-992-A01-993-A01-994-A01-995-A01-996-A-,10,24,56308
2,17,20,1.0,1.0,0.08594700851870801,0.5,0.75,0.6666666666666666,0.2631578947368421,0.2236842105263158,0.12765694770084507,4,0.0,0.8947368421052632,0.72,0.72,0.8235294117647058,0.7058823529411765,0.8,0.8,0.8235294117647058,0.8235294117647058,0.1652892561983471,0.6666666666666666,0.2727272727272727,20|1030-A-1034-C40-1078-A01-1122-A01-1166-A01-1210-A01-1254-B-814-A-858-A01-898-A-902-A01-942-A01-946-C40-985-A-986-B011121-987-A01-988-A01-989-C40-991-C40-992-A01-993-A01-994-A01-995-A-,10,24,56309
0,19,20,1.0,0.9230769230769231,0.05263157894736842,0.0,1.0,0.8333333333333334,0.2631578947368421,0.25,0.06666666666666667,4,0.0,1.0,0.96,0.96,1.0,0.9333333333333333,0.96,0.96,1.0,0.9333333333333333,0.1282051282051282,1.0,0.2154696132596685,20|1034-C40-1078-A01-1122-A01-1166-A01-1210-A01-1254-A-726-A-770-A01-814-A01-858-A01-902-A01-946-C40-985-A-986-A01-987-A01-988-A01-989-C40-991-C40-992-A01-993-A01-994-A01-995-A01-996-A-,10,24,56310
0,19,20,1.0,0.9230769230769231,0.10078180081645664,0.0,1.0,0.8333333333333334,0.3157894736842105,0.25,0.12765694770084507,4,0.0,1.0,0.96,0.88,0.875,0.9333333333333333,0.96,0.88,0.875,0.9333333333333333,0.1282051282051282,1.0,0.2154696132596685,20|1034-C40-1078-A01-1122-A01-1166-A01-1210-A01-1254-A01-1298-A-770-A-814-A01-858-A01-902-A01-946-C40-985-A-986-A01-987-A01-988-A01-989-C40-991-C40-992-A01-993-A01-994-A01-995-A01-996-A-,10,24,56311
6,13,20,1.0,0.9090909090909091,0.05263157894736842,0.6,0.35714285714285715,0.7222222222222222,0.3157894736842105,0.23684210526315788,0.17213259316477408,4,0.0,0.6842105263157895,0.88,0.8,0.7777777777777778,0.8235294117647058,0.88,0.8,0.7777777777777778,0.8235294117647058,0.18181818181818182,0.16666666666666666,0.29770992366412213,20|1034-C40-1039-B-1078-A01-1122-A01-1165-A-1166-A00-1209-B21-1210-B1020-1211-B-770-B-814-A00-858-A01-902-A01-946-C40-986-A-987-A01-988-A01-989-C40-991-C40-992-A01-993-A01-994-A00-995-B20-,10,24,56312
0,19,20,1.0,0.9230769230769231,0.10078180081645664,0.0,1.0,0.8333333333333334,0.3157894736842105,0.25,0.12765694770084507,4,0.0,1.0,0.96,0.88,0.875,0.9333333333333333,0.96,0.88,0.875,0.9333333333333333,0.1282051282051282,1.0,0.2154696132596685,20|1034-C40-1078-A01-1122-A01-1166-A01-1210-A01-1254-A01-1298-A-770-A-814-A01-858-A01-902-A01-946-C40-985-A-986-A01-987-A01-988-A01-989-C40-991-C40-992-A01-993-A01-994-A01-995-A01-996-A-,10,24,56313
5,14,20,1.0,0.9230769230769231,0.10078180081645664,1.0,0.2857142857142857,0.8333333333333334,0.3157894736842105,0.25,0.12765694770084507,4,0.0,0.7368421052631579,0.96,0.72,0.75,0.8,0.96,0.88,0.875,0.9333333333333333,0.1282051282051282,0.16666666666666666,0.2154696132596685,20|1034-C40-1078-A01-1122-A01-1166-A01-1210-A01-1254-B00-1298-B-770-B-814-A00-858-A01-902-A01-946-C40-985-B-986-A00-987-A01-988-A01-989-C40-991-C40-992-A01-993-A01-994-A01-995-A01-996-B-,10,24,56314
10,9,20,1.0,1.0,0.0607737125462764,0.5,0.6428571428571429,0.3888888888888889,0.21052631578947367,0.17105263157894737,0.12765694770084507,4,0.3333333333333333,0.4736842105263158,0.72,0.56,0.7,0.5,0.8,0.64,0.7,0.6,0.3125,0.5,0.4875,20|1034-C40-1037-B-1078-A00-1079-A-1121-B-1122-B001020-1123-B0121-1124-A-1166-B21-1167-A-857-B-858-B20-902-A00-946-C40-948-A-949-B21-987-A-988-A01-989-C40-991-C40-992-A00-993-B001020-994-B-,10,24,56315
4,15,20,1.0,0.8333333333333334,0.08594700851870801,0.5,0.4166666666666667,0.7222222222222222,0.3157894736842105,0.23684210526315788,0.17213259316477408,4,0.1111111111111111,0.7894736842105263,0.8,0.8,0.7777777777777778,0.75,0.8,0.8,0.7777777777777778,0.75,0.16666666666666666,0.2,0.2746478873239437,20|1034-C40-1039-A-1078-A01-1122-A01-1166-A00-1208-B-1209-A01-1210-B0121-1254-A-770-B-814-A00-858-A01-902-A01-946-C40-986-A-987-A01-988-A01-989-C40-991-C40-992-A01-993-A01-994-A00-995-B21-,10,24,56316
8,11,20,1.0,0.9090909090909091,0.10078180081645664,0.6666666666666666,0.42857142857142855,0.6111111111111112,0.2631578947368421,0.2236842105263158,0.12765694770084507,4,0.0,0.5789473684210527,0.64,0.72,0.5555555555555556,0.5882352941176471,0.8,0.72,0.6666666666666666,0.7058823529411765,0.18181818181818182,0.16666666666666666,0.29770992366412213,20|1034-C40-1038-B00-1078-A00-1082-A-1122-A01-1166-A01-1209-B-1210-B0020-1254-B-814-B20-815-B-858-A01-902-A01-946-C40-986-A-987-A01-988-A01-989-C40-991-C40-992-A01-993-A01-994-B0020-995-B-,10,24,56317
0,19,20,1.0,0.9230769230769231,0.10078180081645664,0.0,1.0,0.8333333333333334,0.3157894736842105,0.25,0.12765694770084507,4,0.0,1.0,0.96,0.88,0.875,0.9333333333333333,0.96,0.88,0.875,0.9333333333333333,0.1282051282051282,1.0,0.2154696132596685,20|1034-C40-1078-A01-1122-A01-1166-A01-1210-A01-1254-A01-1298-A-770-A-814-A01-858-A01-902-A01-946-C40-985-A-986-A01-987-A01-988-A01-989-C40-991-C40-992-A01-993-A01-994-A01-995-A01-996-A-,10,24,56318
15,4,20,1.0,0.875,0.05263157894736842,0.9090909090909091,0.8571428571428571,0.1111111111111111,0.21052631578947367,0.13157894736842105,0.13333333333333333,4,0.0,0.21052631578947367,0.8,0.8333333333333334,0.7619047619047619,0.7619047619047619,0.8,0.8333333333333334,0.7619047619047619,0.7619047619047619,0.35714285714285715,0.6666666666666666,0.5492957746478874,20|1032-B-1034-C40-1036-B-1077-B-1078-B001020-1079-B-1122-B-815-A-858-B-859-A01-901-B-902-B001020-903-B0020-904-A01-905-A-946-C40-948-B-987-B-988-B0020-989-C40-991-C40-992-B001020-993-B-,10,24,56319
0,19,20,1.0,0.9230769230769231,0.10078180081645664,0.0,1.0,0.8333333333333334,0.3157894736842105,0.25,0.12765694770084507,4,0.0,1.0,0.96,0.88,0.875,0.9333333333333333,0.96,0.88,0.875,0.9333333333333333,0.1282051282051282,1.0,0.2154696132596685,20|1034-C40-1078-A01-1122-A01-1166-A01-1210-A01-1254-A01-1298-A-770-A-814-A01-858-A01-902-A01-946-C40-985-A-986-A01-987-A01-988-A01-989-C40-991-C40-992-A01-993-A01-994-A01-995-A01-996-A-,10,24,56320
0,19,20,1.0,0.9230769230769231,0.10078180081645664,0.0,1.0,0.8333333333333334,0.3157894736842105,0.25,0.12765694770084507,4,0.0,1.0,0.96,0.88,0.875,0.9333333333333333,0.96,0.88,0.875,0.9333333333333333,0.1282051282051282,1.0,0.2154696132596685,20|1034-C40-1078-A00-1122-A00-1166-A00-1210-A00-1254-A00-1298-A-770-A-814-A00-858-A00-902-A00-946-C40-985-A-986-A00-987-A00-988-A00-989-C40-991-C40-992-A00-993-A00-994-A00-995-A00-996-A-,10,24,56321
0,19,20,1.0,0.9230769230769231,0.10078180081645664,0.0,1.0,0.8333333333333334,0.3157894736842105,0.25,0.12765694770084507,4,0.0,1.0,0.96,0.88,0.875,0.9333333333333333,0.96,0.88,0.875,0.9333333333333333,0.1282051282051282,1.0,0.2154696132596685,20|1034-C40-1078-A01-1122-A01-1166-A01-1210-A01-1254-A01-1298-A-770-A-814-A01-858-A01-902-A01-946-C40-985-A-986-A01-987-A01-988-A01-989-C40-991-C40-992-A01-993-A01-994-A01-995-A01-996-A-,10,24,56322
3,16,20,1.0,0.9090909090909091,0.10078180081645664,0.3333333333333333,0.7,0.5555555555555556,0.2631578947368421,0.19736842105263158,0.12765694770084507,4,0.1111111111111111,0.8421052631578947,0.64,0.56,0.6666666666666666,0.47058823529411764,0.8,0.72,0.7777777777777778,0.7058823529411765,0.18181818181818182,0.5,0.29770992366412213,20|1034-C40-1037-B-1078-A01-1122-A01-1166-A01-1210-A01-1254-A-814-A-858-A01-902-A01-905-A-946-C40-949-A01-950-A-986-A-987-A01-988-A01-989-C41-991-C40-992-A00-993-B001021-994-B0121-995-A-,10,24,56323
3,16,20,1.0,1.0,0.13589415249850587,0.6666666666666666,0.4,0.8333333333333334,0.3157894736842105,0.25,0.12765694770084507,4,0.0,0.8421052631578947,0.8,0.72,0.625,0.875,0.88,0.8,0.75,0.875,0.1388888888888889,0.25,0.23214285714285715,20|1034-C40-1078-A01-1122-A01-1166-A01-1210-A01-1254-A00-1298-B-813-B-814-B10-858-A01-902-A01-946-C40-985-A-986-A01-987-A01-988-A01-989-C40-991-C40-992-A01-993-A01-994-A01-995-A01-996-A-,10,24,56324
9,10,20,1.0,0.8,0.08594700851870801,0.8571428571428571,0.5714285714285714,0.4444444444444444,0.2631578947368421,0.18421052631578946,0.17213259316477408,4,0.1111111111111111,0.5263157894736842,0.64,0.64,0.6,0.6666666666666666,0.8,0.64,0.7,0.7777777777777778,0.25,0.3333333333333333,0.3979591836734694,20|1034-C40-1038-A-1078-A01-1122-A01-1164-B-1165-A01-1166-B001021-1167-B0020-1168-B-1210-B-1211-B-814-B-858-A01-902-A01-946-C40-950-B-987-A-988-A01-989-C40-991-C40-992-A01-993-A01-994-B1021-,10,24,56325
9,10,20,1.0,0.8,0.08594700851870801,0.7142857142857143,0.5714285714285714,0.4444444444444444,0.2631578947368421,0.18421052631578946,0.17213259316477408,4,0.1111111111111111,0.5263157894736842,0.72,0.56,0.7,0.5555555555555556,0.8,0.64,0.7,0.6666666666666666,0.25,0.3333333333333333,0.3979591836734694,20|1034-C40-1038-B-1078-A01-1121-A-1122-A01-1164-A-1165-B0121-1166-B011020-1167-B20-1210-A-1211-B-814-B-858-A01-902-A01-946-C40-950-B-987-B-988-A00-989-C40-991-C40-992-A01-993-A01-994-B1020-,10,24,56326
0,8,9,0.45,1.0,0.0,0.0,1.0,0.5714285714285714,0.25,0.25,0.0,4,0.0,1.0,1.0,1.0,1.0,1.0,1.0,1.0,1.0,1.0,0.1836734693877551,1.0,0.4126984126984127,9|187-A-209-A00-231-C40-250-A-251-A00-252-C40-254-C40-255-A00-256-A-275-C40-297-A00-319-A-,10,24,56327
0,5,6,0.3,0.8333333333333334,0.19999999999999996,0.0,1.0,0.25,0.4,0.25,1.0,4,0.0,1.0,0.9090909090909091,0.9090909090909091,0.8888888888888888,1.0,0.9090909090909091,0.9090909090909091,0.8888888888888888,1.0,0.2,1.0,0.5365853658536586,6|104-A-120-C40-134-A-135-C40-137-C40-138-A-152-C40-168-A00-184-A-,10,24,56328
3,16,20,1.0,0.9166666666666666,0.10078180081645664,0.3333333333333333,0.5,0.7222222222222222,0.3157894736842105,0.23684210526315788,0.17213259316477408,4,0.0,0.8421052631578947,0.72,0.72,0.8235294117647058,0.75,0.88,0.8,0.8235294117647058,0.75,0.15151515151515152,0.25,0.25161290322580643,20|1034-C40-1038-A-1039-B20-1078-A01-1122-A01-1166-A01-1210-A01-1254-A-770-A-814-A01-858-A01-902-A01-946-C40-986-A-987-A01-988-A01-989-C40-991-C40-992-A01-993-A01-994-A00-995-B0020-996-B-,10,24,56329
4,15,20,1.0,1.0,0.0607737125462764,0.5,0.5833333333333334,0.5555555555555556,0.2631578947368421,0.19736842105263158,0.12765694770084507,4,0.1111111111111111,0.7894736842105263,0.56,0.5833333333333334,0.7777777777777778,0.4444444444444444,0.72,0.8333333333333334,0.7777777777777778,0.6666666666666666,0.2,0.4,0.325,20|1030-A-1031-A01-1034-C40-1075-A00-1078-A01-1119-B-1122-A01-1166-A01-1210-A-814-A-858-A01-902-A01-943-A-946-C40-985-B-986-B0021-987-B001121-988-A00-989-C40-991-C40-992-A01-993-A01-994-A-,10,24,56330
0,19,20,1.0,0.9230769230769231,0.10078180081645664,0.0,1.0,0.8333333333333334,0.3157894736842105,0.25,0.12765694770084507,4,0.0,1.0,0.96,0.88,0.875,0.9333333333333333,0.96,0.88,0.875,0.9333333333333333,0.1282051282051282,1.0,0.2154696132596685,20|1034-C40-1078-A01-1122-A01-1166-A01-1210-A01-1254-A01-1298-A-770-A-814-A01-858-A01-902-A00-946-C40-985-A-986-A01-987-A01-988-A00-989-C40-991-C40-992-A01-993-A01-994-A01-995-A01-996-A-,10,24,56331
2,17,20,1.0,0.8461538461538461,0.13589415249850587,0.5,0.625,0.7222222222222222,0.3157894736842105,0.23684210526315788,0.17213259316477408,4,0.0,0.8947368421052632,0.88,0.8,0.8235294117647058,0.8,0.88,0.8,0.8235294117647058,0.8,0.13986013986013987,0.3333333333333333,0.23353293413173654,20|1034-C40-1078-A01-1122-A01-1166-A01-1210-A01-1254-B0121-1255-A-1298-A-770-A-814-A01-858-A01-902-A01-946-C40-986-A-987-A01-988-A01-989-C40-991-C40-992-A01-993-A01-994-A01-995-A01-996-B-,10,24,56332
0,19,20,1.0,0.9230769230769231,0.10078180081645664,0.0,1.0,0.8333333333333334,0.3157894736842105,0.25,0.12765694770084507,4,0.0,1.0,0.96,0.88,0.875,0.9333333333333333,0.96,0.88,0.875,0.9333333333333333,0.1282051282051282,1.0,0.2154696132596685,20|1034-C40-1078-A01-1122-A01-1166-A01-1210-A01-1254-A01-1298-A-770-A-814-A01-858-A01-902-A01-946-C40-985-A-986-A01-987-A01-988-A01-989-C40-991-C40-992-A01-993-A01-994-A01-995-A01-996-A-,10,24,56333
8,11,20,1.0,0.875,0.05263157894736842,0.16666666666666666,0.5,0.5555555555555556,0.2631578947368421,0.21052631578947367,0.10886621079036347,4,0.4444444444444444,0.5789473684210527,0.5833333333333334,0.56,0.47619047619047616,0.47619047619047616,0.5833333333333334,0.56,0.47619047619047616,0.47619047619047616,0.35714285714285715,0.3333333333333333,0.5492957746478874,20|1031-B-1034-C40-1078-A00-1079-A-1122-B20-1123-B011121-1124-A01-1125-A-1167-A-857-B21-858-B20-901-A-902-A00-905-A-946-C40-948-A-949-B0121-987-B20-988-A00-989-C40-991-C40-992-A00-993-B20-,10,24,56334
6,13,20,1.0,0.8461538461538461,0.13589415249850587,1.0,0.35714285714285715,0.7222222222222222,0.3157894736842105,0.23684210526315788,0.17213259316477408,4,0.0,0.6842105263157895,0.8,0.64,0.7058823529411765,0.6666666666666666,0.88,0.8,0.8235294117647058,0.8,0.13986013986013987,0.16666666666666666,0.23353293413173654,20|1034-C40-1078-A01-1122-A01-1166-A01-1210-A01-1254-B0020-1255-B-1298-B-770-B-814-A00-858-A01-902-A01-946-C40-986-B-987-A01-988-A01-989-C40-991-C40-992-A01-993-A01-994-A01-995-A01-996-B-,10,24,56335
0,19,20,1.0,0.9230769230769231,0.05263157894736842,0.0,1.0,0.8333333333333334,0.2631578947368421,0.25,0.06666666666666667,4,0.0,1.0,0.96,0.96,0.9333333333333333,1.0,0.96,0.96,0.9333333333333333,1.0,0.1282051282051282,1.0,0.2154696132596685,20|1034-C40-1078-A00-1122-A00-1166-A00-1210-A00-1254-A-770-A-814-A00-858-A00-902-A00-946-C40-984-A-985-A00-986-A00-987-A00-988-A00-989-C40-991-C40-992-A00-993-A00-994-A00-995-A00-996-A-,10,24,56336
8,11,20,1.0,1.0,0.0607737125462764,0.6666666666666666,0.5714285714285714,0.5,0.2631578947368421,0.18421052631578946,0.17213259316477408,4,0.7777777777777778,0.5789473684210527,0.9166666666666666,0.64,0.7,0.7,0.9166666666666666,0.64,0.7,0.7,0.3125,0.5,0.4875,20|1034-C40-1037-A-1078-A00-1080-B-1120-B-1121-A01-1122-B011121-1123-A01-1124-B10-1166-A-857-A-858-B21-902-A00-905-B-946-C40-949-A01-987-B-988-A00-989-C40-991-C40-992-A00-993-B011121-994-A-,10,24,56337
0,19,20,1.0,0.9230769230769231,0.05263157894736842,0.0,1.0,0.8333333333333334,0.2631578947368421,0.25,0.06666666666666667,4,0.0,1.0,0.96,0.96,1.0,0.9333333333333333,0.96,0.96,1.0,0.9333333333333333,0.1282051282051282,1.0,0.2154696132596685,20|1034-C40-1078-A01-1122-A01-1166-A01-1210-A01-1254-A-726-A-770-A01-814-A01-858-A01-902-A01-946-C40-985-A-986-A01-987-A01-988-A01-989-C40-991-C40-992-A01-993-A01-994-A01-995-A01-996-A-,10,24,56338
13,6,20,1.0,0.8888888888888888,0.10078180081645664,0.9,0.6428571428571429,0.3333333333333333,0.2631578947368421,0.18421052631578946,0.17213259316477408,4,0.2222222222222222,0.3157894736842105,0.8,0.4,0.6,0.631578947368421,0.8,0.56,0.7,0.7368421052631579,0.2777777777777778,0.3333333333333333,0.43820224719101125,20|1034-C40-1038-B-1078-A01-1121-B-1122-A01-1165-B1020-1166-B001020-1167-B-1209-B-1210-B-857-B-858-B1020-859-B-902-A00-946-C40-950-B-987-B-988-A00-989-C40-991-C40-992-A01-993-A01-994-B1020-,10,24,56339
8,11,20,1.0,0.9,0.10078180081645664,0.6666666666666666,0.5714285714285714,0.4444444444444444,0.2631578947368421,0.18421052631578946,0.17213259316477408,4,0.0,0.5789473684210527,0.64,0.56,0.5263157894736842,0.7777777777777778,0.8,0.64,0.631578947368421,0.7777777777777778,0.2222222222222222,0.3333333333333333,0.3577981651376147,20|1034-C40-1078-A01-1122-A01-1165-B-1166-B001020-1167-B00-1168-B-1209-B-1210-B1020-1211-B-814-A-858-A01-902-A01-946-C40-950-A-987-A-988-A01-989-C40-991-C40-992-A01-993-A01-994-B0111-995-A-,10,24,56340
0,19,20,1.0,0.9230769230769231,0.05263157894736842,0.0,1.0,0.8333333333333334,0.2631578947368421,0.25,0.06666666666666667,4,0.0,1.0,0.96,0.96,1.0,0.9333333333333333,0.96,0.96,1.0,0.9333333333333333,0.1282051282051282,1.0,0.2154696132596685,20|1034-C40-1078-A01-1122-A01-1166-A01-1210-A01-1254-A-726-A-770-A01-814-A01-858-A01-902-A01-946-C40-984-A-985-A01-986-A01-987-A01-988-A01-989-C40-991-C40-992-A01-993-A01-994-A01-995-A-,10,24,56341
4,15,20,1.0,1.0,0.0607737125462764,0.25,0.4166666666666667,0.7222222222222222,0.3157894736842105,0.23684210526315788,0.17213259316477408,4,0.0,0.7894736842105263,0.64,0.64,0.5555555555555556,0.6666666666666666,0.8,0.72,0.6666666666666666,0.6666666666666666,0.2,0.2,0.325,20|1034-C40-1038-A01-1078-A00-1082-A-1122-A01-1166-A01-1208-A-1209-A01-1210-B21-814-B21-815-A-858-A01-902-A01-946-C40-986-B-987-A01-988-A01-989-C40-991-C40-992-A01-993-A01-994-B0121-995-A-,10,24,56342
0,19,20,1.0,0.9230769230769231,0.10078180081645664,0.0,1.0,0.8333333333333334,0.3157894736842105,0.25,0.12765694770084507,4,0.0,1.0,0.96,0.88,0.875,0.9333333333333333,0.96,0.88,0.875,0.9333333333333333,0.1282051282051282,1.0,0.2154696132596685,20|1034-C40-1078-A01-1122-A01-1166-A01-1210-A01-1254-A01-1298-A-770-A-814-A01-858-A01-902-A01-946-C40-985-A-986-A01-987-A01-988-A01-989-C40-991-C40-992-A01-993-A01-994-A01-995-A01-996-A-,10,24,56343
2,17,20,1.0,1.0,0.0607737125462764,0.5,0.5,0.8333333333333334,0.3157894736842105,0.25,0.12765694770084507,4,0.0,0.8947368421052632,0.96,0.88,0.875,0.875,0.96,0.88,0.875,0.875,0.1388888888888889,0.3333333333333333,0.23214285714285715,20|1034-C40-1078-A01-1122-A01-1166-A01-1210-A01-1254-B21-1255-A-770-A-814-A01-858-A01-902-A01-946-C40-985-A-986-A01-987-A01-988-A01-989-C40-991-C40-992-A01-993-A01-994-A01-995-A01-996-B-,10,24,56344
7,12,20,1.0,1.0,0.0607737125462764,0.6666666666666666,0.5,0.5555555555555556,0.2631578947368421,0.21052631578947367,0.10886621079036347,4,0.1111111111111111,0.631578947368421,0.64,0.56,0.7777777777777778,0.4444444444444444,0.8,0.72,0.7777777777777778,0.6666666666666666,0.2,0.3333333333333333,0.325,20|1030-A-1031-B1121-1032-A-1034-C40-1078-A01-1122-A01-1166-A00-1209-B-1210-B20-814-A-858-A01-902-A01-943-B-946-C40-986-B-987-B001020-988-A00-989-C40-991-C40-992-A01-993-A01-994-A00-995-B-,10,24,56345
0,19,20,1.0,0.9230769230769231,0.05263157894736842,0.0,1.0,0.8333333333333334,0.2631578947368421,0.25,0.06666666666666667,4,0.0,1.0,0.96,0.96,1.0,0.9333333333333333,0.96,0.96,1.0,0.9333333333333333,0.1282051282051282,1.0,0.2154696132596685,20|1034-C40-1078-A01-1122-A01-1166-A01-1210-A01-1254-A-726-A-770-A01-814-A01-858-A01-902-A01-946-C40-985-A-986-A01-987-A01-988-A01-989-C40-991-C40-992-A01-993-A01-994-A01-995-A01-996-A-,10,24,56346
6,13,20,1.0,0.9,0.05263157894736842,0.6,0.5,0.5555555555555556,0.2631578947368421,0.21052631578947367,0.10886621079036347,4,0.0,0.6842105263157895,0.72,0.72,0.631578947368421,0.6666666666666666,0.88,0.8,0.8421052631578947,0.7777777777777778,0.2222222222222222,0.3333333333333333,0.3577981651376147,20|1034-C40-1038-A-1078-A01-1122-A01-1164-A-1165-A01-1166-B011021-1167-B-1210-A-814-B21-815-A-858-A01-902-A01-946-C40-950-B-986-B-987-A01-988-A01-989-C40-991-C40-992-A01-993-A01-994-B1021-,10,24,56347
0,19,20,1.0,0.9230769230769231,0.10078180081645664,0.0,1.0,0.8333333333333334,0.3157894736842105,0.25,0.12765694770084507,4,0.0,1.0,0.96,0.88,0.875,0.9333333333333333,0.96,0.88,0.875,0.9333333333333333,0.1282051282051282,1.0,0.2154696132596685,20|1034-C40-1078-A00-1122-A00-1166-A00-1210-A00-1254-A00-1298-A-770-A-814-A00-858-A00-902-A00-946-C40-985-A-986-A00-987-A00-988-A00-989-C40-991-C40-992-A00-993-A00-994-A00-995-A00-996-A-,10,24,56348
0,19,20,1.0,0.9230769230769231,0.10078180081645664,0.0,1.0,0.8333333333333334,0.3157894736842105,0.25,0.12765694770084507,4,0.0,1.0,0.96,0.88,0.875,0.9333333333333333,0.96,0.88,0.875,0.9333333333333333,0.1282051282051282,1.0,0.2154696132596685,20|1034-C40-1078-A01-1122-A01-1166-A01-1210-A01-1254-A01-1298-A-770-A-814-A01-858-A01-902-A01-946-C40-985-A-986-A01-987-A01-988-A01-989-C40-991-C40-992-A01-993-A01-994-A01-995-A01-996-A-,10,24,56349
5,14,20,1.0,0.9090909090909091,0.10078180081645664,0.75,0.5,0.5555555555555556,0.2631578947368421,0.19736842105263158,0.12765694770084507,4,0.1111111111111111,0.7368421052631579,0.88,0.72,0.6666666666666666,0.8235294117647058,0.88,0.72,0.6666666666666666,0.8235294117647058,0.18181818181818182,0.3333333333333333,0.29770992366412213,20|1034-C40-1038-A-1078-A01-1122-A01-1164-B-1165-A01-1166-B011121-1167-A-1210-A01-1254-A-814-B-858-A01-902-A01-946-C40-986-B-987-A01-988-A01-989-C40-991-C40-992-A01-993-A01-994-B0121-995-A-,10,24,56350
0,19,20,1.0,0.9230769230769231,0.10078180081645664,0.0,1.0,0.8333333333333334,0.3157894736842105,0.25,0.12765694770084507,4,0.0,1.0,0.96,0.88,0.875,0.9333333333333333,0.96,0.88,0.875,0.9333333333333333,0.1282051282051282,1.0,0.2154696132596685,20|1034-C40-1078-A01-1122-A01-1166-A01-1210-A01-1254-A01-1298-A-770-A-814-A01-858-A01-902-A01-946-C40-985-A-986-A01-987-A01-988-A01-989-C40-991-C40-992-A01-993-A01-994-A01-995-A01-996-A-,10,24,56351
2,17,20,1.0,0.8461538461538461,0.13589415249850587,0.5,0.5,0.8333333333333334,0.3157894736842105,0.25,0.12765694770084507,4,0.0,0.8947368421052632,0.8,0.72,0.8235294117647058,0.6666666666666666,0.88,0.8,0.8235294117647058,0.8,0.13986013986013987,0.3333333333333333,0.23353293413173654,20|1034-C40-1078-A01-1122-A01-1166-A01-1210-A01-1254-A00-1298-B-770-A-814-A01-858-A01-902-A01-942-A-946-C40-986-B21-987-A01-988-A01-989-C40-991-C40-992-A01-993-A01-994-A01-995-A01-996-A-,10,24,56352
0,19,20,1.0,0.9230769230769231,0.10078180081645664,0.0,1.0,0.8333333333333334,0.3157894736842105,0.25,0.12765694770084507,4,0.0,1.0,0.96,0.88,0.875,0.9333333333333333,0.96,0.88,0.875,0.9333333333333333,0.1282051282051282,1.0,0.2154696132596685,20|1034-C40-1078-A00-1122-A00-1166-A00-1210-A00-1254-A00-1298-A-770-A-814-A00-858-A00-902-A00-946-C40-985-A-986-A00-987-A00-988-A00-989-C40-991-C40-992-A00-993-A00-994-A00-995-A00-996-A-,10,24,56353
2,17,20,1.0,0.8461538461538461,0.13589415249850587,0.5,0.625,0.7222222222222222,0.3157894736842105,0.23684210526315788,0.17213259316477408,4,0.1111111111111111,0.8947368421052632,0.8,0.72,0.8235294117647058,0.6666666666666666,0.88,0.8,0.8235294117647058,0.8,0.13986013986013987,0.3333333333333333,0.23353293413173654,20|1031-A-1034-C40-1078-A00-1122-A01-1166-A01-1210-A00-1254-A00-1298-B-770-A-814-A01-858-A01-902-A01-946-C40-986-A-987-B0121-988-A00-989-C40-991-C40-992-A00-993-A01-994-A01-995-A00-996-A-,10,24,56354
0,19,20,1.0,0.9230769230769231,0.10078180081645664,0.0,1.0,0.8333333333333334,0.3157894736842105,0.25,0.12765694770084507,4,0.0,1.0,0.96,0.88,0.875,0.9333333333333333,0.96,0.88,0.875,0.9333333333333333,0.1282051282051282,1.0,0.2154696132596685,20|1034-C40-1078-A01-1122-A01-1166-A01-1210-A01-1254-A01-1298-A-770-A-814-A01-858-A01-902-A01-946-C40-985-A-986-A01-987-A01-988-A01-989-C40-991-C40-992-A01-993-A01-994-A01-995-A01-996-A-,10,24,56355
0,19,20,1.0,0.9230769230769231,0.05263157894736842,0.0,1.0,0.8333333333333334,0.2631578947368421,0.25,0.06666666666666667,4,0.0,1.0,0.96,0.96,1.0,0.9333333333333333,0.96,0.96,1.0,0.9333333333333333,0.1282051282051282,1.0,0.2154696132596685,20|1034-C40-1078-A00-1122-A00-1166-A00-1210-A00-1254-A-726-A-770-A00-814-A00-858-A00-902-A00-946-C40-985-A-986-A00-987-A00-988-A00-989-C40-991-C40-992-A00-993-A00-994-A00-995-A00-996-A-,10,24,56356
8,11,20,1.0,0.9,0.10078180081645664,0.6666666666666666,0.5714285714285714,0.4444444444444444,0.2631578947368421,0.18421052631578946,0.17213259316477408,4,0.2222222222222222,0.5789473684210527,0.72,0.4,0.42105263157894735,0.4444444444444444,0.8,0.64,0.631578947368421,0.6666666666666666,0.2222222222222222,0.3333333333333333,0.3577981651376147,20|1034-C40-1038-A-1078-A01-1122-A01-1164-A-1165-A01-1166-B001021-1167-B-1209-B-1210-B20-814-A-857-A-858-B0121-902-A00-946-C40-987-B-988-A00-989-C40-991-C40-992-A01-993-A01-994-B0021-995-B-,10,24,56357
0,19,20,1.0,0.9230769230769231,0.05263157894736842,0.0,1.0,0.8333333333333334,0.2631578947368421,0.25,0.06666666666666667,4,0.0,1.0,0.96,0.96,1.0,0.9333333333333333,0.96,0.96,1.0,0.9333333333333333,0.1282051282051282,1.0,0.2154696132596685,20|1034-C40-1078-A01-1122-A01-1166-A01-1210-A01-1254-A-726-A-770-A01-814-A01-858-A01-902-A01-946-C40-985-A-986-A01-987-A01-988-A01-989-C40-991-C40-992-A01-993-A01-994-A01-995-A01-996-A-,10,24,56358
0,19,20,1.0,0.9230769230769231,0.10078180081645664,0.0,1.0,0.8333333333333334,0.3157894736842105,0.25,0.12765694770084507,4,0.0,1.0,0.96,0.88,0.875,0.9333333333333333,0.96,0.88,0.875,0.9333333333333333,0.1282051282051282,1.0,0.2154696132596685,20|1034-C40-1078-A00-1122-A01-1166-A01-1210-A01-1254-A01-1298-A-770-A-814-A01-858-A01-902-A01-946-C40-985-A-986-A01-987-A01-988-A01-989-C40-991-C40-992-A01-993-A01-994-A01-995-A01-996-A-,10,24,56359
0,19,20,1.0,0.9230769230769231,0.05263157894736842,0.0,1.0,0.8333333333333334,0.2631578947368421,0.25,0.06666666666666667,4,0.0,1.0,0.96,0.96,1.0,0.9333333333333333,0.96,0.96,1.0,0.9333333333333333,0.1282051282051282,1.0,0.2154696132596685,20|1034-C40-1078-A01-1122-A01-1166-A01-1210-A01-1254-A-726-A-770-A01-814-A01-858-A01-902-A01-946-C40-985-A-986-A01-987-A01-988-A01-989-C40-991-C40-992-A01-993-A01-994-A01-995-A01-996-A-,10,24,56360
6,13,20,1.0,0.8333333333333334,0.08594700851870801,0.6,0.35714285714285715,0.7222222222222222,0.3157894736842105,0.23684210526315788,0.17213259316477408,4,0.0,0.6842105263157895,0.8,0.8,0.7777777777777778,0.75,0.8,0.8,0.7777777777777778,0.75,0.16666666666666666,0.16666666666666666,0.2746478873239437,20|1034-C40-1039-B-1078-A01-1122-A01-1165-A-1166-A00-1209-B21-1210-B0020-1254-B-770-B-814-A00-858-A01-902-A01-946-C40-986-A-987-A01-988-A01-989-C40-991-C40-992-A01-993-A01-994-A00-995-B20-,10,24,56361
5,14,20,1.0,0.8461538461538461,0.13589415249850587,1.0,0.35714285714285715,0.7222222222222222,0.3157894736842105,0.23684210526315788,0.17213259316477408,4,0.0,0.7368421052631579,0.8,0.72,0.8235294117647058,0.6666666666666666,0.88,0.8,0.8235294117647058,0.8,0.13986013986013987,0.16666666666666666,0.23353293413173654,20|1034-C40-1078-A01-1122-A01-1166-A01-1210-A01-1254-B0020-1255-B-1298-B-770-A-814-A01-858-A01-902-A01-946-C40-986-B-987-A01-988-A01-989-C40-991-C40-992-A01-993-A01-994-A01-995-A01-996-B-,10,24,56362
2,17,20,1.0,0.9166666666666666,0.10078180081645664,0.0,0.625,0.7222222222222222,0.3157894736842105,0.23684210526315788,0.17213259316477408,4,0.1111111111111111,0.8947368421052632,0.72,0.72,0.8235294117647058,0.625,0.88,0.8,0.8235294117647058,0.75,0.15151515151515152,0.3333333333333333,0.25161290322580643,20|1031-A-1034-C40-1078-A01-1122-A01-1166-A01-1210-A01-1254-A-770-A-814-A01-858-A01-902-A01-946-C40-952-A-986-A-987-B0121-988-A00-989-C40-991-C40-992-A01-993-A01-994-A01-995-A01-996-B21-,10,24,56363
8,11,20,1.0,0.8333333333333334,0.14886458551295736,0.8333333333333334,0.5,0.5,0.3157894736842105,0.21052631578947367,0.18856180831641264,4,0.1111111111111111,0.5789473684210527,0.56,0.64,0.5555555555555556,0.5,0.8,0.72,0.6666666666666666,0.75,0.16666666666666666,0.16666666666666666,0.2746478873239437,20|1031-B-1034-C40-1038-B-1078-A01-1122-A01-1166-A01-1210-A01-1254-B0020-1255-B-1298-B-814-B-858-A01-902-A01-946-C40-986-A-987-B0120-988-A00-989-C40-991-C40-992-A01-993-A01-994-B0120-995-A-,10,24,56364
6,13,20,1.0,0.8333333333333334,0.08594700851870801,0.6,0.35714285714285715,0.7222222222222222,0.3157894736842105,0.23684210526315788,0.17213259316477408,4,0.0,0.6842105263157895,0.8,0.8,0.7777777777777778,0.75,0.8,0.8,0.7777777777777778,0.75,0.16666666666666666,0.16666666666666666,0.2746478873239437,20|1034-C40-1078-A01-1122-A01-1166-A00-1210-B0010-1211-B21-1254-B-1255-A-770-B-814-A00-858-A01-902-A01-946-C40-951-B-986-A-987-A01-988-A01-989-C40-991-C40-992-A01-993-A01-994-A00-995-B10-,10,24,56365
8,11,20,1.0,0.9166666666666666,0.10078180081645664,0.8333333333333334,0.35714285714285715,0.7222222222222222,0.3157894736842105,0.23684210526315788,0.17213259316477408,4,0.0,0.5789473684210527,0.8,0.72,0.8235294117647058,0.625,0.88,0.8,0.8235294117647058,0.75,0.15151515151515152,0.16666666666666666,0.25161290322580643,20|1034-C40-1078-A01-1122-A01-1166-A00-1209-B-1210-B0020-1253-B-1254-B20-770-B-814-A00-858-A01-902-A01-946-C40-986-B-987-A01-988-A01-989-C40-991-C40-992-A01-993-A01-994-A00-995-B00-996-B-,10,24,56366
7,12,20,1.0,0.9090909090909091,0.05263157894736842,0.6666666666666666,0.5,0.5555555555555556,0.2631578947368421,0.21052631578947367,0.10886621079036347,4,0.0,0.631578947368421,0.88,0.56,0.5555555555555556,0.7058823529411765,0.88,0.8,0.7777777777777778,0.8235294117647058,0.18181818181818182,0.3333333333333333,0.29770992366412213,20|1034-C40-1078-A01-1122-A01-1166-A01-1210-A-770-B-813-B-814-B001020-815-B21-858-A01-859-A-902-A01-942-B-946-C40-985-B-986-B0020-987-A01-988-A01-989-C40-991-C40-992-A01-993-A01-994-A-,10,24,56367
1,18,20,1.0,0.8333333333333334,0.08594700851870801,0.0,1.0,0.6666666666666666,0.2631578947368421,0.21052631578947367,0.10886621079036347,4,0.0,0.9473684210526316,0.72,0.72,0.6666666666666666,0.875,0.8,0.8,0.7777777777777778,0.875,0.16666666666666666,1.0,0.2746478873239437,20|1034-C40-1078-A01-1122-A01-1166-A01-1210-A-726-A-770-A01-813-A-814-B011121-815-A01-816-A-858-A01-902-A01-946-C40-985-A-986-A01-987-A01-988-A01-989-C40-991-C40-992-A01-993-A01-994-A-,10,24,56368
0,19,20,1.0,0.9230769230769231,0.27683743575542985,0.0,1.0,0.8333333333333334,0.3684210526315789,0.25,0.3506607519568778,4,0.0,1.0,0.96,0.64,0.75,0.6666666666666666,0.96,0.64,0.75,0.6666666666666666,0.1282051282051282,1.0,0.2154696132596685,20|1034-C40-1078-A01-1122-A01-1166-A-638-A-682-A01-726-A01-770-A01-814-A01-858-A01-902-A00-946-C40-982-A-983-A01-984-A01-985-A01-986-A01-987-A01-988-A00-989-C40-991-C40-992-A01-993-A-,10,24,56369
0,19,20,1.0,0.9230769230769231,0.10078180081645664,0.0,1.0,0.8333333333333334,0.3157894736842105,0.25,0.12765694770084507,4,0.0,1.0,0.96,0.88,0.875,0.9333333333333333,0.96,0.88,0.875,0.9333333333333333,0.1282051282051282,1.0,0.2154696132596685,20|1034-C40-1078-A01-1122-A01-1166-A01-1210-A01-1254-A01-1298-A-770-A-814-A01-858-A01-902-A01-946-C40-985-A-986-A01-987-A01-988-A01-989-C40-991-C40-992-A01-993-A01-994-A01-995-A01-996-A-,10,24,56370
8,11,20,1.0,0.9,0.10078180081645664,0.5,0.42857142857142855,0.6666666666666666,0.2631578947368421,0.2236842105263158,0.12765694770084507,4,0.1111111111111111,0.5789473684210527,0.56,0.64,0.631578947368421,0.4444444444444444,0.72,0.72,0.7368421052631579,0.5555555555555556,0.2222222222222222,0.3333333333333333,0.3577981651376147,20|1034-C40-1037-A-1038-B21-1078-A01-1122-A01-1166-A00-1209-A-1210-B21-814-B20-815-B-858-A01-902-A01-943-A-946-C40-950-B-987-B21-988-A01-989-C41-991-C40-992-A01-993-A01-994-B001020-995-B-,10,24,56371
0,19,20,1.0,0.9230769230769231,0.05263157894736842,0.0,1.0,0.8333333333333334,0.2631578947368421,0.25,0.06666666666666667,4,0.0,1.0,0.96,0.96,1.0,0.9333333333333333,0.96,0.96,1.0,0.9333333333333333,0.1282051282051282,1.0,0.2154696132596685,20|1034-C40-1078-A01-1122-A01-1166-A01-1210-A01-1254-A-726-A-770-A01-814-A01-858-A01-902-A01-946-C40-984-A-985-A01-986-A01-987-A01-988-A01-989-C40-991-C40-992-A01-993-A01-994-A01-995-A-,10,24,56372
8,11,20,1.0,0.9090909090909091,0.10078180081645664,0.6666666666666666,0.42857142857142855,0.6111111111111112,0.3157894736842105,0.2236842105263158,0.2,4,0.0,0.5789473684210527,0.72,0.64,0.6666666666666666,0.5882352941176471,0.8,0.72,0.6666666666666666,0.7058823529411765,0.18181818181818182,0.16666666666666666,0.29770992366412213,20|1034-C40-1038-B-1039-B-1078-A00-1122-A01-1166-A01-1209-B-1210-B0020-1253-B-1254-B20-814-A-858-A01-902-A01-946-C40-986-A-987-A01-988-A01-989-C40-991-C40-992-A01-993-A01-994-B0020-995-B20-,10,24,56373
0,19,20,1.0,0.9230769230769231,0.10078180081645664,0.0,1.0,0.8333333333333334,0.3157894736842105,0.25,0.12765694770084507,4,0.0,1.0,0.96,0.88,0.875,0.9333333333333333,0.96,0.88,0.875,0.9333333333333333,0.1282051282051282,1.0,0.2154696132596685,20|1034-C40-1078-A01-1122-A01-1166-A01-1210-A01-1254-A01-1298-A-770-A-814-A01-858-A01-902-A01-946-C40-985-A-986-A01-987-A01-988-A01-989-C40-991-C40-992-A01-993-A01-994-A01-995-A01-996-A-,10,24,56374
2,17,20,1.0,0.9090909090909091,0.10078180081645664,0.0,0.875,0.5555555555555556,0.2631578947368421,0.19736842105263158,0.12765694770084507,4,0.0,0.8947368421052632,0.88,0.56,0.5555555555555556,0.7058823529411765,0.88,0.72,0.6666666666666666,0.8235294117647058,0.18181818181818182,0.6666666666666666,0.29770992366412213,20|1034-C40-1038-A-1078-A01-1122-A01-1164-A-1165-A00-1166-B011121-1167-A-1210-A01-1254-A-814-A-858-A01-902-A01-946-C40-986-A-987-A01-988-A01-989-C40-991-C40-992-A01-993-A01-994-B0121-995-A-,10,24,56375
2,17,20,1.0,0.8461538461538461,0.13589415249850587,0.5,0.625,0.7222222222222222,0.3157894736842105,0.23684210526315788,0.17213259316477408,4,0.1111111111111111,0.8947368421052632,0.8,0.72,0.8235294117647058,0.6666666666666666,0.88,0.8,0.8235294117647058,0.8,0.13986013986013987,0.3333333333333333,0.23353293413173654,20|1031-A-1034-C40-1078-A01-1122-A01-1166-A01-1210-A01-1254-A00-1298-B-770-A-814-A01-858-A01-902-A01-946-C40-986-A-987-B0121-988-A00-989-C40-991-C40-992-A01-993-A01-994-A01-995-A01-996-A-,10,24,56376
0,19,20,1.0,0.9230769230769231,0.10078180081645664,0.0,1.0,0.8333333333333334,0.3157894736842105,0.25,0.12765694770084507,4,0.0,1.0,0.96,0.88,0.875,0.9333333333333333,0.96,0.88,0.875,0.9333333333333333,0.1282051282051282,1.0,0.2154696132596685,20|1034-C40-1078-A00-1122-A00-1166-A01-1210-A00-1254-A01-1298-A-770-A-814-A01-858-A00-902-A00-946-C40-985-A-986-A01-987-A00-988-A00-989-C40-991-C40-992-A00-993-A00-994-A01-995-A00-996-A-,10,24,56377
4,15,20,1.0,1.0,0.08594700851870801,0.25,0.5,0.6111111111111112,0.2631578947368421,0.2236842105263158,0.06666666666666667,4,0.0,0.7894736842105263,0.72,0.72,0.5882352941176471,0.8235294117647058,0.8,0.8,0.7058823529411765,0.8235294117647058,0.1652892561983471,0.2,0.2727272727272727,20|1034-C40-1038-A-1078-A01-1122-A01-1166-A01-1210-A01-1254-B-814-B21-815-A-858-A01-902-A01-942-A-946-C40-985-A-986-B0121-987-A01-988-A01-989-C40-991-C40-992-A01-993-A01-994-B0121-995-A-,10,24,56378
7,12,20,1.0,0.8888888888888888,0.05263157894736842,0.5,0.6428571428571429,0.3888888888888889,0.2631578947368421,0.18421052631578946,0.17213259316477408,4,0.6666666666666666,0.631578947368421,0.8333333333333334,0.72,0.8,0.631578947368421,0.8333333333333334,0.72,0.8,0.631578947368421,0.2777777777777778,0.5,0.43820224719101125,20|1034-C40-1037-A-1078-A00-1121-A-1122-B011121-1123-A01-1124-B00-1125-B-1166-A-814-A-857-A-858-B0121-902-A00-905-B-946-C40-949-A01-987-B-988-A01-989-C41-991-C40-992-A00-993-B011121-994-A-,10,24,56379
0,19,20,1.0,0.9230769230769231,0.10078180081645664,0.0,1.0,0.8333333333333334,0.3157894736842105,0.25,0.12765694770084507,4,0.0,1.0,0.96,0.88,0.875,0.9333333333333333,0.96,0.88,0.875,0.9333333333333333,0.1282051282051282,1.0,0.2154696132596685,20|1034-C40-1078-A01-1122-A00-1166-A01-1210-A00-1254-A01-1298-A-770-A-814-A01-858-A00-902-A01-946-C40-985-A-986-A01-987-A00-988-A01-989-C40-991-C40-992-A01-993-A00-994-A01-995-A00-996-A-,10,24,56380
9,10,20,1.0,0.8181818181818182,0.13589415249850587,0.7142857142857143,0.5714285714285714,0.4444444444444444,0.2631578947368421,0.18421052631578946,0.17213259316477408,4,0.3333333333333333,0.5263157894736842,0.48,0.64,0.5263157894736842,0.5882352941176471,0.72,0.72,0.7368421052631579,0.5882352941176471,0.20202020202020202,0.3333333333333333,0.3277310924369748,20|1034-C40-1037-B-1078-A01-1122-A01-1166-A01-1210-A01-1254-A-814-B-857-B-858-B0020-902-A00-905-A-946-C40-948-A-949-B0121-987-B-988-A00-989-C40-991-C40-992-A00-993-B001020-994-B00-995-B-,10,24,56381
0,19,20,1.0,0.7857142857142857,0.19925994195790434,0.0,1.0,0.8333333333333334,0.3157894736842105,0.25,0.25239592648001213,4,0.0,1.0,0.88,0.8,0.9411764705882353,0.7142857142857143,0.88,0.8,0.9411764705882353,0.7142857142857143,0.12987012987012986,1.0,0.21787709497206703,20|1034-C40-1078-A00-1122-A01-1166-A01-1210-A01-1254-A01-1298-A-726-A-770-A01-814-A01-858-A01-902-A01-946-C40-987-A-988-A01-989-C40-991-C40-992-A01-993-A01-994-A01-995-A01-996-A01-997-A-,10,24,56382
6,13,20,1.0,0.9090909090909091,0.10078180081645664,0.6,0.5,0.5555555555555556,0.2631578947368421,0.19736842105263158,0.12765694770084507,4,0.0,0.6842105263157895,0.56,0.56,0.8235294117647058,0.6666666666666666,0.8,0.72,0.8235294117647058,0.6666666666666666,0.18181818181818182,0.3333333333333333,0.29770992366412213,20|1034-C40-1038-B-1039-A-1078-A01-1122-A01-1166-A01-1210-A-814-A-858-A01-902-A01-906-B-946-C40-950-B00-986-B-987-A01-988-A01-989-C40-991-C40-992-A01-993-A01-994-B001020-995-B0121-996-A-,10,24,56383
0,19,20,1.0,0.9230769230769231,0.10078180081645664,0.0,1.0,0.8333333333333334,0.3157894736842105,0.25,0.12765694770084507,4,0.0,1.0,0.96,0.88,0.875,0.9333333333333333,0.96,0.88,0.875,0.9333333333333333,0.1282051282051282,1.0,0.2154696132596685,20|1034-C40-1078-A01-1122-A01-1166-A01-1210-A01-1254-A01-1298-A-770-A-814-A01-858-A01-902-A01-946-C40-985-A-986-A01-987-A01-988-A01-989-C40-991-C40-992-A01-993-A01-994-A01-995-A01-996-A-,10,24,56384
4,15,20,1.0,1.0,0.08594700851870801,0.5,0.5,0.6666666666666666,0.2631578947368421,0.2236842105263158,0.12765694770084507,4,0.0,0.7894736842105263,0.64,0.72,0.5882352941176471,0.8235294117647058,0.8,0.8,0.8235294117647058,0.8235294117647058,0.1652892561983471,0.4,0.2727272727272727,20|1034-C40-1078-A01-1122-A01-1165-B-1166-B001020-1167-B21-1210-B-1211-A-770-A-814-A01-858-A01-902-A01-946-C40-986-A-987-A01-988-A01-989-C40-991-C40-992-A01-993-A01-994-A01-995-A01-996-A-,10,24,56385
0,8,9,0.45,1.0,0.0,0.0,1.0,0.5714285714285714,0.25,0.25,0.0,4,0.0,1.0,1.0,1.0,1.0,1.0,1.0,1.0,1.0,1.0,0.1836734693877551,1.0,0.4126984126984127,9|187-A-209-A00-231-C40-250-A-251-A00-252-C40-254-C40-255-A00-256-A-275-C40-297-A00-319-A-,10,24,56386
2,17,20,1.0,0.9090909090909091,0.10078180081645664,0.0,1.0,0.5,0.2631578947368421,0.19736842105263158,0.12765694770084507,4,0.0,0.8947368421052632,0.64,0.64,0.7777777777777778,0.7058823529411765,0.8,0.72,0.7777777777777778,0.8235294117647058,0.18181818181818182,1.0,0.29770992366412213,20|1034-C40-1038-A-1078-A00-1122-A01-1166-A01-1209-A-1210-B011121-1211-A-1254-A-814-A-858-A00-902-A00-946-C40-950-A-986-A-987-A00-988-A00-989-C40-991-C40-992-A01-993-A01-994-B011121-995-A-,10,24,56387
3,16,20,1.0,0.8461538461538461,0.13589415249850587,0.6666666666666666,0.5,0.7222222222222222,0.3157894736842105,0.23684210526315788,0.17213259316477408,4,0.0,0.8421052631578947,0.88,0.8,0.8235294117647058,0.8,0.88,0.8,0.8235294117647058,0.8,0.13986013986013987,0.25,0.23353293413173654,20|1034-C40-1078-A01-1122-A01-1166-A01-1210-A01-1254-B0021-1255-A-1298-B-770-A-814-A01-858-A01-902-A01-946-C40-986-A-987-A01-988-A01-989-C40-991-C40-992-A01-993-A01-994-A01-995-A01-996-B-,10,24,56388
3,16,20,1.0,0.8333333333333334,0.08594700851870801,0.3333333333333333,0.5,0.7222222222222222,0.3157894736842105,0.23684210526315788,0.17213259316477408,4,0.0,0.8421052631578947,0.8,0.8,0.7777777777777778,0.75,0.8,0.8,0.7777777777777778,0.75,0.16666666666666666,0.25,0.2746478873239437,20|1034-C40-1039-A-1078-A01-1122-A01-1166-A00-1208-A-1209-A01-1210-B0121-1254-A-770-B-814-A00-858-A01-902-A01-946-C40-986-A-987-A01-988-A01-989-C40-991-C40-992-A01-993-A01-994-A00-995-B21-,10,24,56389
11,8,20,1.0,0.6363636363636364,0.21052631578947367,0.875,0.7142857142857143,0.2777777777777778,0.3157894736842105,0.15789473684210525,0.26666666666666666,4,0.0,0.42105263157894735,0.56,0.56,0.47619047619047616,0.8235294117647058,0.56,0.56,0.47619047619047616,0.8235294117647058,0.2597402597402597,0.5,0.4105263157894737,20|1034-C40-1078-A01-1121-B-1122-A01-1164-B-1165-B0020-1166-B001020-1167-B-1209-B-1210-B001020-1211-B-1253-B-1254-B0020-1298-B-858-A-902-A01-946-C40-987-A-988-A01-989-C40-991-C40-992-A01-993-A-,10,24,56390
0,19,20,1.0,0.9230769230769231,0.10078180081645664,0.0,1.0,0.8333333333333334,0.3157894736842105,0.25,0.12765694770084507,4,0.0,1.0,0.96,0.88,0.875,0.9333333333333333,0.96,0.88,0.875,0.9333333333333333,0.1282051282051282,1.0,0.2154696132596685,20|1034-C40-1078-A01-1122-A01-1166-A01-1210-A01-1254-A01-1298-A-770-A-814-A01-858-A01-902-A01-946-C40-985-A-986-A01-987-A01-988-A01-989-C40-991-C40-992-A01-993-A01-994-A01-995-A01-996-A-,10,24,56391
3,16,20,1.0,0.5833333333333334,0.3477934666947195,0.0,0.9,0.3888888888888889,0.5789473684210527,0.18421052631578946,0.6666666666666667,4,0.0,0.8421052631578947,0.4,0.4,0.5263157894736842,0.34782608695652173,0.4,0.4,0.5263157894736842,0.34782608695652173,0.23809523809523808,0.75,0.3786407766990291,20|1034-C40-1039-A01-1078-A-1083-A00-1126-A-1127-B011121-1128-A01-1129-A00-1130-B0121-1131-A-1171-A-1174-A-902-A-946-C40-951-A-988-A-989-C40-991-C40-992-A01-993-A00-994-A01-995-B011121-996-A-,10,24,56392
0,19,20,1.0,0.9230769230769231,0.10078180081645664,0.0,1.0,0.8333333333333334,0.3157894736842105,0.25,0.12765694770084507,4,0.0,1.0,0.96,0.88,0.875,0.9333333333333333,0.96,0.88,0.875,0.9333333333333333,0.1282051282051282,1.0,0.2154696132596685,20|1034-C40-1078-A01-1122-A01-1166-A01-1210-A01-1254-A01-1298-A-770-A-814-A01-858-A01-902-A01-946-C40-985-A-986-A01-987-A01-988-A01-989-C40-991-C40-992-A01-993-A01-994-A01-995-A01-996-A-,10,24,56393
6,13,20,1.0,0.8181818181818182,0.2015636016329133,0.6,0.5,0.5555555555555556,0.3684210526315789,0.21052631578947367,0.3265986323710904,4,0.0,0.6842105263157895,0.64,0.56,0.5263157894736842,0.7058823529411765,0.72,0.56,0.631578947368421,0.7058823529411765,0.20202020202020202,0.3333333333333333,0.3277310924369748,20|1034-C40-1039-A-1078-A01-1122-A01-1166-A01-1210-A01-1253-B-1254-B001020-1255-B-1298-B21-1299-A-858-A-902-A01-946-C40-951-B-987-A-988-A01-989-C40-991-C40-992-A01-993-A01-994-A00-995-B1021-,10,24,56394
0,19,20,1.0,0.9230769230769231,0.10078180081645664,0.0,1.0,0.8333333333333334,0.3157894736842105,0.25,0.12765694770084507,4,0.0,1.0,0.96,0.88,0.875,0.9333333333333333,0.96,0.88,0.875,0.9333333333333333,0.1282051282051282,1.0,0.2154696132596685,20|1034-C40-1078-A01-1122-A01-1166-A01-1210-A01-1254-A01-1298-A-770-A-814-A01-858-A01-902-A01-946-C40-985-A-986-A01-987-A01-988-A01-989-C40-991-C40-992-A01-993-A01-994-A01-995-A01-996-A-,10,24,56395
5,14,20,1.0,0.8461538461538461,0.13589415249850587,1.0,0.35714285714285715,0.7222222222222222,0.3157894736842105,0.23684210526315788,0.17213259316477408,4,0.0,0.7368421052631579,0.8,0.72,0.8235294117647058,0.6666666666666666,0.88,0.8,0.8235294117647058,0.8,0.13986013986013987,0.16666666666666666,0.23353293413173654,20|1034-C40-1078-A01-1122-A01-1166-A01-1210-A01-1254-B0020-1255-B-1298-B-770-A-814-A01-858-A01-902-A01-946-C40-986-B-987-A01-988-A01-989-C40-991-C40-992-A01-993-A01-994-A01-995-A01-996-B-,10,24,56396
0,19,20,1.0,0.9230769230769231,0.10078180081645664,0.0,1.0,0.8333333333333334,0.3157894736842105,0.25,0.12765694770084507,4,0.0,1.0,0.88,0.96,0.9333333333333333,0.875,0.88,0.96,0.9333333333333333,0.875,0.1282051282051282,1.0,0.2154696132596685,20|1034-C40-1078-A01-1122-A01-1166-A01-1210-A-726-A-770-A01-814-A01-858-A01-902-A01-946-C40-985-A-986-A01-987-A01-988-A01-989-C40-991-C40-992-A01-993-A01-994-A01-995-A01-996-A01-997-A-,10,24,56397
0,19,20,1.0,0.9230769230769231,0.10078180081645664,0.0,1.0,0.8333333333333334,0.3157894736842105,0.25,0.12765694770084507,4,0.0,1.0,0.96,0.88,0.875,0.9333333333333333,0.96,0.88,0.875,0.9333333333333333,0.1282051282051282,1.0,0.2154696132596685,20|1034-C40-1078-A01-1122-A01-1166-A01-1210-A01-1254-A01-1298-A-770-A-814-A01-858-A01-902-A01-946-C40-985-A-986-A01-987-A01-988-A01-989-C40-991-C40-992-A01-993-A01-994-A01-995-A01-996-A-,10,24,56398
6,13,20,1.0,0.9,0.1324532357065044,0.8,0.5,0.5555555555555556,0.2631578947368421,0.17105263157894737,0.16777409856157222,4,0.3333333333333333,0.6842105263157895,0.5833333333333334,0.56,0.42105263157894735,0.8888888888888888,0.6666666666666666,0.64,0.5263157894736842,0.8888888888888888,0.2222222222222222,0.3333333333333333,0.3577981651376147,20|1034-C40-1078-A00-1120-B-1121-A01-1122-B011121-1123-A01-1124-B0020-1125-B-1166-A01-1168-B-1210-A00-1254-B-858-A-902-A01-946-C40-986-A-987-A01-988-A01-989-C40-991-C40-992-A01-993-A01-994-A-,10,24,56399
9,10,20,1.0,0.8181818181818182,0.13589415249850587,0.7142857142857143,0.5714285714285714,0.4444444444444444,0.2631578947368421,0.18421052631578946,0.17213259316477408,4,0.2222222222222222,0.5263157894736842,0.48,0.4,0.7368421052631579,0.5882352941176471,0.72,0.64,0.7368421052631579,0.5882352941176471,0.20202020202020202,0.3333333333333333,0.3277310924369748,20|1034-C40-1037-B-1078-A01-1122-A01-1166-A00-1209-A-1210-B0021-1254-B-814-A-858-A01-902-A01-946-C40-948-A-949-B21-950-B-987-B-988-A01-989-C41-991-C40-992-A00-993-B001020-994-B0020-995-B-,10,24,56400
3,16,20,1.0,0.9090909090909091,0.05263157894736842,0.3333333333333333,0.7,0.5555555555555556,0.2631578947368421,0.21052631578947367,0.10886621079036347,4,0.0,0.8421052631578947,0.72,0.8,0.7777777777777778,0.7058823529411765,0.8,0.88,0.8888888888888888,0.7058823529411765,0.18181818181818182,0.5,0.29770992366412213,20|1034-C40-1038-A01-1078-A01-1082-A-1122-A01-1166-A01-1210-A-770-A-814-B0121-815-A-858-A01-902-A01-946-C40-950-A-986-B-987-A01-988-A01-989-C40-991-C40-992-A01-993-A01-994-B011121-995-A-,10,25,56401
0,19,20,1.0,0.9230769230769231,0.05263157894736842,0.0,1.0,0.8333333333333334,0.2631578947368421,0.25,0.06666666666666667,4,0.0,1.0,0.96,0.96,1.0,0.9333333333333333,0.96,0.96,1.0,0.9333333333333333,0.1282051282051282,1.0,0.2154696132596685,20|1034-C40-1078-A01-1122-A01-1166-A01-1210-A01-1254-A-726-A-770-A01-814-A01-858-A01-902-A01-946-C40-985-A-986-A01-987-A01-988-A01-989-C40-991-C40-992-A01-993-A01-994-A01-995-A01-996-A-,10,25,56402
3,16,20,1.0,0.8333333333333334,0.08594700851870801,0.3333333333333333,0.5,0.7222222222222222,0.3157894736842105,0.23684210526315788,0.17213259316477408,4,0.0,0.8421052631578947,0.8,0.8,0.7777777777777778,0.75,0.8,0.8,0.7777777777777778,0.75,0.16666666666666666,0.25,0.2746478873239437,20|1034-C40-1039-A-1078-A01-1122-A01-1166-A00-1208-A-1209-A01-1210-B0121-1254-A-770-B-814-A00-858-A01-902-A01-946-C40-986-A-987-A01-988-A01-989-C40-991-C40-992-A01-993-A01-994-A00-995-B21-,10,25,56403
4,15,20,1.0,0.8333333333333334,0.08594700851870801,0.5,0.4166666666666667,0.7222222222222222,0.3157894736842105,0.23684210526315788,0.17213259316477408,4,0.1111111111111111,0.7894736842105263,0.8,0.8,0.7777777777777778,0.75,0.8,0.8,0.7777777777777778,0.75,0.16666666666666666,0.2,0.2746478873239437,20|1034-C40-1039-A-1078-A01-1122-A01-1166-A00-1208-B-1209-A01-1210-B0121-1254-A-770-B-814-A00-858-A01-902-A01-946-C40-986-A-987-A01-988-A01-989-C40-991-C40-992-A01-993-A01-994-A00-995-B21-,10,25,56404
0,19,20,1.0,0.9230769230769231,0.10078180081645664,0.0,1.0,0.8333333333333334,0.3157894736842105,0.25,0.12765694770084507,4,0.0,1.0,0.96,0.88,0.875,0.9333333333333333,0.96,0.88,0.875,0.9333333333333333,0.1282051282051282,1.0,0.2154696132596685,20|1034-C40-1078-A01-1122-A01-1166-A01-1210-A01-1254-A01-1298-A-770-A-814-A01-858-A01-902-A01-946-C40-985-A-986-A01-987-A01-988-A01-989-C40-991-C40-992-A01-993-A01-994-A01-995-A01-996-A-,10,25,56405
0,19,20,1.0,0.9230769230769231,0.10078180081645664,0.0,1.0,0.8333333333333334,0.3157894736842105,0.25,0.12765694770084507,4,0.0,1.0,0.96,0.88,0.875,0.9333333333333333,0.96,0.88,0.875,0.9333333333333333,0.1282051282051282,1.0,0.2154696132596685,20|1034-C40-1078-A01-1122-A01-1166-A01-1210-A01-1254-A01-1298-A-770-A-814-A01-858-A01-902-A01-946-C40-985-A-986-A01-987-A01-988-A01-989-C40-991-C40-992-A01-993-A01-994-A01-995-A01-996-A-,10,25,56406
0,19,20,1.0,0.9230769230769231,0.10078180081645664,0.0,1.0,0.8333333333333334,0.3157894736842105,0.25,0.12765694770084507,4,0.0,1.0,0.96,0.88,0.875,0.9333333333333333,0.96,0.88,0.875,0.9333333333333333,0.1282051282051282,1.0,0.2154696132596685,20|1034-C40-1078-A01-1122-A01-1166-A01-1210-A01-1254-A01-1298-A-770-A-814-A01-858-A01-902-A01-946-C40-985-A-986-A01-987-A01-988-A01-989-C40-991-C40-992-A01-993-A01-994-A01-995-A01-996-A-,10,25,56407
0,19,20,1.0,0.9230769230769231,0.10078180081645664,0.0,1.0,0.8333333333333334,0.3157894736842105,0.25,0.12765694770084507,4,0.0,1.0,0.96,0.88,0.875,0.9333333333333333,0.96,0.88,0.875,0.9333333333333333,0.1282051282051282,1.0,0.2154696132596685,20|1034-C40-1078-A01-1122-A01-1166-A01-1210-A01-1254-A01-1298-A-770-A-814-A01-858-A01-902-A01-946-C40-985-A-986-A01-987-A01-988-A01-989-C40-991-C40-992-A01-993-A01-994-A01-995-A01-996-A-,10,25,56408
0,19,20,1.0,0.9230769230769231,0.05263157894736842,0.0,1.0,0.8333333333333334,0.2631578947368421,0.25,0.06666666666666667,4,0.0,1.0,0.96,0.96,1.0,0.9333333333333333,0.96,0.96,1.0,0.9333333333333333,0.1282051282051282,1.0,0.2154696132596685,20|1034-C40-1078-A01-1122-A01-1166-A01-1210-A01-1254-A-726-A-770-A01-814-A01-858-A01-902-A01-946-C40-985-A-986-A01-987-A01-988-A01-989-C40-991-C40-992-A01-993-A01-994-A01-995-A01-996-A-,10,25,56409
3,16,20,1.0,0.8333333333333334,0.08594700851870801,0.3333333333333333,0.5,0.7222222222222222,0.3157894736842105,0.23684210526315788,0.17213259316477408,4,0.0,0.8421052631578947,0.8,0.8,0.7777777777777778,0.75,0.8,0.8,0.7777777777777778,0.75,0.16666666666666666,0.25,0.2746478873239437,20|1034-C40-1039-A-1078-A01-1122-A01-1166-A00-1208-A-1209-A00-1210-B0121-1254-A-770-B-814-A00-858-A01-902-A01-946-C40-986-A-987-A01-988-A01-989-C40-991-C40-992-A01-993-A01-994-A00-995-B21-,10,25,56410
3,16,20,1.0,1.0,0.0,0.3333333333333333,0.7,0.5555555555555556,0.21052631578947367,0.21052631578947367,0.0,4,0.0,0.8421052631578947,0.88,0.64,0.5882352941176471,0.8235294117647058,0.96,0.88,0.8235294117647058,0.9411764705882353,0.1652892561983471,0.5,0.2727272727272727,20|1034-C40-1078-A01-1122-A01-1166-A00-1210-B-770-A-813-A-814-B011121-815-A-858-A01-902-A01-942-A-946-C40-985-A-986-B0121-987-A01-988-A01-989-C40-991-C40-992-A01-993-A01-994-A01-995-A-,10,25,56411
2,17,20,1.0,0.8461538461538461,0.13589415249850587,0.5,0.625,0.7222222222222222,0.3157894736842105,0.23684210526315788,0.17213259316477408,4,0.0,0.8947368421052632,0.88,0.8,0.8235294117647058,0.8,0.88,0.8,0.8235294117647058,0.8,0.13986013986013987,0.3333333333333333,0.23353293413173654,20|1034-C40-1078-A01-1122-A01-1166-A01-1210-A01-1254-B0121-1255-A-1298-A-770-A-814-A01-858-A01-902-A01-946-C40-986-A-987-A01-988-A01-989-C40-991-C40-992-A01-993-A01-994-A01-995-A01-996-B-,10,25,56412
0,19,20,1.0,0.9230769230769231,0.10078180081645664,0.0,1.0,0.8333333333333334,0.3157894736842105,0.25,0.12765694770084507,4,0.0,1.0,0.96,0.88,0.875,0.9333333333333333,0.96,0.88,0.875,0.9333333333333333,0.1282051282051282,1.0,0.2154696132596685,20|1034-C40-1078-A01-1122-A01-1166-A01-1210-A01-1254-A01-1298-A-770-A-814-A01-858-A01-902-A01-946-C40-985-A-986-A01-987-A01-988-A01-989-C40-991-C40-992-A01-993-A01-994-A01-995-A01-996-A-,10,25,56413
0,8,9,0.45,1.0,0.0,0.0,1.0,0.5714285714285714,0.25,0.25,0.0,4,0.0,1.0,1.0,1.0,1.0,1.0,1.0,1.0,1.0,1.0,0.1836734693877551,1.0,0.4126984126984127,9|187-A-209-A01-231-C40-250-A-251-A01-252-C40-254-C40-255-A01-256-A-275-C40-297-A01-319-A-,10,25,56414
0,19,20,1.0,0.9230769230769231,0.10078180081645664,0.0,1.0,0.8333333333333334,0.3157894736842105,0.25,0.12765694770084507,4,0.0,1.0,0.96,0.88,0.875,0.9333333333333333,0.96,0.88,0.875,0.9333333333333333,0.1282051282051282,1.0,0.2154696132596685,20|1034-C40-1078-A01-1122-A01-1166-A01-1210-A01-1254-A01-1298-A-770-A-814-A01-858-A01-902-A01-946-C40-985-A-986-A01-987-A01-988-A01-989-C40-991-C40-992-A01-993-A01-994-A01-995-A01-996-A-,10,25,56415
6,13,20,1.0,0.8181818181818182,0.10526315789473684,0.6,0.5,0.5555555555555556,0.2631578947368421,0.19736842105263158,0.12765694770084507,4,0.1111111111111111,0.6842105263157895,0.48,0.64,0.7368421052631579,0.47058823529411764,0.72,0.72,0.8421052631578947,0.7058823529411765,0.20202020202020202,0.3333333333333333,0.3277310924369748,20|1034-C40-1037-B00-1038-A-1078-A01-1081-B-1122-A01-1166-A01-1210-A01-1254-A-814-B-858-A01-902-A01-946-C40-949-B-950-A-986-A-987-A01-988-A01-989-C41-991-C40-992-A00-993-B001020-994-B1121-,10,25,56416
4,15,20,1.0,0.6923076923076923,0.17189401703741602,0.25,0.4166666666666667,0.7222222222222222,0.3157894736842105,0.23684210526315788,0.17213259316477408,4,0.1111111111111111,0.7894736842105263,0.56,0.56,0.7368421052631579,0.5333333333333333,0.72,0.72,0.7368421052631579,0.6666666666666666,0.17094017094017094,0.2,0.2805755395683453,20|1031-A-1034-C40-1038-A01-1078-A01-1082-A-1122-A01-1166-A01-1210-A01-1254-B00-1298-B-770-A-814-A01-858-A01-902-A01-946-C40-987-B21-988-A00-989-C40-991-C40-992-A01-993-A01-994-B0121-995-A-,10,25,56417
4,15,20,1.0,0.9090909090909091,0.10078180081645664,0.5,0.5833333333333334,0.5555555555555556,0.2631578947368421,0.19736842105263158,0.12765694770084507,4,0.1111111111111111,0.7894736842105263,0.8,0.64,0.6666666666666666,0.7058823529411765,0.88,0.72,0.6666666666666666,0.8235294117647058,0.18181818181818182,0.4,0.29770992366412213,20|1034-C40-1038-A-1078-A01-1122-A01-1164-A-1165-A01-1166-B011121-1167-A-1210-A01-1254-B-814-B-858-A01-902-A01-946-C40-986-A-987-A01-988-A01-989-C40-991-C40-992-A01-993-A01-994-B0121-995-A-,10,25,56418
0,19,20,1.0,0.9230769230769231,0.33700653881225523,0.0,1.0,0.8333333333333334,0.42105263157894735,0.25,0.42687494916218993,4,0.0,1.0,0.96,0.56,0.625,0.6666666666666666,0.96,0.56,0.625,0.6666666666666666,0.1282051282051282,1.0,0.2154696132596685,20|1034-C40-1078-A01-1122-A01-1166-A01-1210-A01-1254-A01-1298-A01-1342-A01-1386-A-858-A-902-A01-946-C40-987-A-988-A01-989-C40-991-C40-992-A01-993-A01-994-A01-995-A01-996-A01-997-A01-998-A-,10,25,56419
0,19,20,1.0,0.9230769230769231,0.10078180081645664,0.0,1.0,0.8333333333333334,0.3157894736842105,0.25,0.12765694770084507,4,0.0,1.0,0.96,0.88,0.875,0.9333333333333333,0.96,0.88,0.875,0.9333333333333333,0.1282051282051282,1.0,0.2154696132596685,20|1034-C40-1078-A01-1122-A01-1166-A01-1210-A01-1254-A01-1298-A-770-A-814-A01-858-A01-902-A01-946-C40-985-A-986-A01-987-A01-988-A01-989-C40-991-C40-992-A01-993-A01-994-A01-995-A01-996-A-,10,25,56420
0,19,20,1.0,0.9230769230769231,0.10078180081645664,0.0,1.0,0.8333333333333334,0.3157894736842105,0.25,0.12765694770084507,4,0.0,1.0,0.96,0.88,0.875,0.9333333333333333,0.96,0.88,0.875,0.9333333333333333,0.1282051282051282,1.0,0.2154696132596685,20|1034-C40-1078-A00-1122-A00-1166-A00-1210-A00-1254-A00-1298-A-770-A-814-A00-858-A00-902-A00-946-C40-985-A-986-A00-987-A00-988-A00-989-C40-991-C40-992-A00-993-A00-994-A00-995-A00-996-A-,10,25,56421
7,12,20,1.0,0.8333333333333334,0.08594700851870801,0.6666666666666666,0.42857142857142855,0.6111111111111112,0.2631578947368421,0.2236842105263158,0.12765694770084507,4,0.0,0.631578947368421,0.72,0.72,0.7777777777777778,0.625,0.8,0.8,0.7777777777777778,0.75,0.16666666666666666,0.16666666666666666,0.2746478873239437,20|1034-C40-1038-B00-1078-A01-1082-B-1122-A01-1166-A00-1209-A-1210-B0021-1254-B-770-B-814-A00-858-A01-902-A01-946-C40-986-A-987-A01-988-A01-989-C40-991-C40-992-A01-993-A01-994-B0020-995-B-,10,25,56422
3,16,20,1.0,0.9090909090909091,0.15789473684210528,0.3333333333333333,0.7,0.5555555555555556,0.3157894736842105,0.21052631578947367,0.24343224778007383,4,0.0,0.8421052631578947,0.88,0.56,0.5555555555555556,0.7058823529411765,0.88,0.64,0.6666666666666666,0.7058823529411765,0.18181818181818182,0.5,0.29770992366412213,20|1034-C40-1039-A-1078-A01-1122-A01-1166-A00-1208-A-1209-A01-1210-B011121-1211-A-1254-A-814-B-858-A01-902-A01-946-C40-987-A-988-A01-989-C40-991-C40-992-A01-993-A01-994-A00-995-B0121-996-A-,10,25,56423
0,19,20,1.0,0.9230769230769231,0.10078180081645664,0.0,1.0,0.8333333333333334,0.3157894736842105,0.25,0.12765694770084507,4,0.0,1.0,0.96,0.88,0.875,0.9333333333333333,0.96,0.88,0.875,0.9333333333333333,0.1282051282051282,1.0,0.2154696132596685,20|1034-C40-1078-A01-1122-A00-1166-A00-1210-A01-1254-A01-1298-A-770-A-814-A01-858-A01-902-A00-946-C40-985-A-986-A01-987-A01-988-A00-989-C40-991-C40-992-A00-993-A00-994-A00-995-A00-996-A-,10,25,56424
0,19,20,1.0,0.9230769230769231,0.05263157894736842,0.0,1.0,0.8333333333333334,0.2631578947368421,0.25,0.06666666666666667,4,0.0,1.0,0.96,0.96,1.0,0.9333333333333333,0.96,0.96,1.0,0.9333333333333333,0.1282051282051282,1.0,0.2154696132596685,20|1034-C40-1078-A00-1122-A00-1166-A00-1210-A00-1254-A-726-A-770-A00-814-A00-858-A00-902-A00-946-C40-985-A-986-A00-987-A00-988-A00-989-C40-991-C40-992-A00-993-A00-994-A00-995-A00-996-A-,10,25,56425
4,15,20,1.0,0.8888888888888888,0.10078180081645664,0.25,0.6666666666666666,0.5,0.2631578947368421,0.18421052631578946,0.17213259316477408,4,0.4444444444444444,0.7894736842105263,0.8333333333333334,0.64,0.7,0.631578947368421,0.8333333333333334,0.64,0.7,0.631578947368421,0.2777777777777778,0.6,0.43820224719101125,20|1034-C40-1037-A-1078-A00-1121-A-1122-B011121-1123-A01-1124-A01-1125-A-1166-A01-1210-A-857-A-858-B21-902-A00-905-A-946-C40-949-A01-987-B-988-A00-989-C40-991-C40-992-A00-993-B011121-994-A-,10,25,56426
0,19,20,1.0,0.9230769230769231,0.10078180081645664,0.0,1.0,0.8333333333333334,0.3157894736842105,0.25,0.12765694770084507,4,0.0,1.0,0.96,0.88,0.875,0.9333333333333333,0.96,0.88,0.875,0.9333333333333333,0.1282051282051282,1.0,0.2154696132596685,20|1034-C40-1078-A01-1122-A01-1166-A01-1210-A01-1254-A01-1298-A-770-A-814-A01-858-A01-902-A01-946-C40-985-A-986-A01-987-A01-988-A01-989-C40-991-C40-992-A01-993-A01-994-A01-995-A01-996-A-,10,25,56427
11,8,20,1.0,0.8181818181818182,0.13589415249850587,0.875,0.5714285714285714,0.4444444444444444,0.2631578947368421,0.18421052631578946,0.17213259316477408,4,0.1111111111111111,0.42105263157894735,0.72,0.56,0.631578947368421,0.5882352941176471,0.8,0.64,0.631578947368421,0.7058823529411765,0.20202020202020202,0.3333333333333333,0.3277310924369748,20|1034-C40-1038-B-1078-A01-1121-A-1122-A01-1165-B21-1166-B001020-1167-B-1210-B0010-1211-B-1254-B-814-B-858-A01-902-A01-946-C40-987-B-988-A00-989-C40-991-C40-992-A01-993-A01-994-B0020-995-B-,10,25,56428
1,18,20,1.0,0.8461538461538461,0.13589415249850587,0.0,0.8333333333333334,0.7222222222222222,0.3157894736842105,0.23684210526315788,0.17213259316477408,4,0.1111111111111111,0.9473684210526316,0.8,0.72,0.8235294117647058,0.6666666666666666,0.88,0.8,0.8235294117647058,0.8,0.13986013986013987,0.5,0.23353293413173654,20|1031-A-1034-C40-1078-A00-1122-A01-1166-A01-1210-A01-1254-A01-1298-A-770-A-814-A01-858-A01-902-A01-946-C40-986-A-987-B0121-988-A00-989-C40-991-C40-992-A01-993-A01-994-A01-995-A01-996-A-,10,25,56429
1,18,20,1.0,0.9230769230769231,0.27683743575542985,1.0,0.6666666666666666,0.8333333333333334,0.3684210526315789,0.25,0.3506607519568778,4,0.0,0.9473684210526316,0.96,0.56,0.6666666666666666,0.625,0.96,0.64,0.6666666666666666,0.75,0.1282051282051282,0.5,0.2154696132596685,20|1034-C40-1078-A01-1122-A01-1166-A01-1210-A01-1254-A01-1298-A01-1342-A-858-A-902-A01-946-C40-986-B-987-A01-988-A01-989-C40-991-C40-992-A01-993-A01-994-A01-995-A01-996-A01-997-A01-998-A-,10,25,56430
0,19,20,1.0,0.9230769230769231,0.10078180081645664,0.0,1.0,0.8333333333333334,0.3157894736842105,0.25,0.12765694770084507,4,0.0,1.0,0.96,0.88,0.875,0.9333333333333333,0.96,0.88,0.875,0.9333333333333333,0.1282051282051282,1.0,0.2154696132596685,20|1034-C40-1078-A01-1122-A01-1166-A01-1210-A01-1254-A01-1298-A-770-A-814-A01-858-A01-902-A01-946-C40-985-A-986-A01-987-A01-988-A01-989-C40-991-C40-992-A01-993-A01-994-A01-995-A01-996-A-,10,25,56431
0,19,20,1.0,0.9230769230769231,0.10078180081645664,0.0,1.0,0.8333333333333334,0.3157894736842105,0.25,0.12765694770084507,4,0.0,1.0,0.96,0.88,0.875,0.9333333333333333,0.96,0.88,0.875,0.9333333333333333,0.1282051282051282,1.0,0.2154696132596685,20|1034-C40-1078-A01-1122-A01-1166-A01-1210-A01-1254-A01-1298-A-770-A-814-A01-858-A01-902-A01-946-C40-985-A-986-A01-987-A01-988-A01-989-C40-991-C40-992-A01-993-A01-994-A01-995-A01-996-A-,10,25,56432
4,15,20,1.0,0.8333333333333334,0.08594700851870801,0.5,0.4166666666666667,0.7222222222222222,0.3157894736842105,0.23684210526315788,0.17213259316477408,4,0.1111111111111111,0.7894736842105263,0.8,0.8,0.7777777777777778,0.75,0.8,0.8,0.7777777777777778,0.75,0.16666666666666666,0.2,0.2746478873239437,20|1034-C40-1039-A-1078-A01-1122-A01-1166-A00-1208-B-1209-A01-1210-B0121-1254-A-770-B-814-A00-858-A01-902-A01-946-C40-986-A-987-A01-988-A01-989-C40-991-C40-992-A01-993-A01-994-A00-995-B21-,10,25,56433
5,14,20,1.0,0.9090909090909091,0.10078180081645664,0.75,0.5,0.5555555555555556,0.2631578947368421,0.19736842105263158,0.12765694770084507,4,0.1111111111111111,0.7368421052631579,0.88,0.72,0.6666666666666666,0.8235294117647058,0.88,0.72,0.6666666666666666,0.8235294117647058,0.18181818181818182,0.3333333333333333,0.29770992366412213,20|1034-C40-1038-A-1078-A01-1122-A01-1164-A-1165-A01-1166-B011121-1167-A-1210-A01-1254-B-814-B-858-A01-902-A01-946-C40-986-B-987-A01-988-A01-989-C40-991-C40-992-A01-993-A01-994-B0121-995-A-,10,25,56434
1,18,20,1.0,0.7692307692307693,0.1324532357065044,0.0,0.8333333333333334,0.7222222222222222,0.3157894736842105,0.23684210526315788,0.17213259316477408,4,0.0,0.9473684210526316,0.72,0.72,0.7777777777777778,0.6666666666666666,0.8,0.8,0.7777777777777778,0.8,0.15384615384615385,0.5,0.2549019607843137,20|1034-C40-1038-A01-1078-A01-1082-A-1122-A01-1166-A01-1210-A01-1254-A01-1298-A-770-A-814-A01-858-A01-902-A01-946-C40-986-A-987-A01-988-A01-989-C40-991-C40-992-A01-993-A01-994-B0121-995-A-,10,25,56435
3,16,20,1.0,0.8333333333333334,0.08594700851870801,0.3333333333333333,0.5,0.7222222222222222,0.3157894736842105,0.23684210526315788,0.17213259316477408,4,0.0,0.8421052631578947,0.8,0.8,0.7777777777777778,0.75,0.8,0.8,0.7777777777777778,0.75,0.16666666666666666,0.25,0.2746478873239437,20|1034-C40-1039-A-1078-A01-1122-A01-1166-A00-1208-A-1209-A00-1210-B0121-1254-A-770-B-814-A00-858-A01-902-A01-946-C40-986-A-987-A01-988-A01-989-C40-991-C40-992-A01-993-A01-994-A00-995-B21-,10,25,56436
0,19,20,1.0,0.9230769230769231,0.05263157894736842,0.0,1.0,0.8333333333333334,0.2631578947368421,0.25,0.06666666666666667,4,0.0,1.0,0.96,0.96,1.0,0.9333333333333333,0.96,0.96,1.0,0.9333333333333333,0.1282051282051282,1.0,0.2154696132596685,20|1034-C40-1078-A01-1122-A01-1166-A01-1210-A01-1254-A-726-A-770-A01-814-A01-858-A01-902-A01-946-C40-985-A-986-A01-987-A01-988-A01-989-C40-991-C40-992-A01-993-A01-994-A01-995-A01-996-A-,10,25,56437
12,7,20,1.0,0.8,0.08594700851870801,0.8888888888888888,0.6428571428571429,0.3888888888888889,0.2631578947368421,0.18421052631578946,0.17213259316477408,4,0.2222222222222222,0.368421052631579,0.48,0.48,0.7,0.6666666666666666,0.64,0.64,0.7,0.6666666666666666,0.25,0.5,0.3979591836734694,20|1034-C40-1037-B-1078-A01-1122-A01-1165-B-1166-B001020-1167-B21-1210-B-1211-A-814-B-858-A01-902-A01-905-B-946-C40-948-B-949-B0020-987-B-988-A01-989-C41-991-C40-992-A00-993-B001020-994-B-,10,25,56438
2,17,20,1.0,1.0,0.19218335351058463,0.5,0.75,0.6666666666666666,0.3157894736842105,0.2236842105263158,0.2277100170213244,4,0.2222222222222222,0.8947368421052632,0.8,0.48,0.5882352941176471,0.5882352941176471,0.8,0.64,0.7058823529411765,0.7058823529411765,0.1652892561983471,0.6666666666666666,0.2727272727272727,20|1031-A01-1034-C40-1075-A-1078-A01-1122-A01-1166-A01-1210-A01-1254-A01-1298-A-858-B-902-A00-943-A-946-C40-986-A-987-B011121-988-A00-989-C40-991-C40-992-A01-993-A01-994-A01-995-A01-996-A-,10,25,56439
0,19,20,1.0,0.9230769230769231,0.10078180081645664,0.0,1.0,0.8333333333333334,0.3157894736842105,0.25,0.12765694770084507,4,0.0,1.0,0.96,0.88,0.875,0.9333333333333333,0.96,0.88,0.875,0.9333333333333333,0.1282051282051282,1.0,0.2154696132596685,20|1034-C40-1078-A01-1122-A01-1166-A01-1210-A01-1254-A01-1298-A-770-A-814-A01-858-A01-902-A01-946-C40-985-A-986-A01-987-A01-988-A01-989-C40-991-C40-992-A01-993-A01-994-A01-995-A01-996-A-,10,25,56440
7,12,20,1.0,0.8181818181818182,0.13589415249850587,0.5,0.5714285714285714,0.4444444444444444,0.2631578947368421,0.18421052631578946,0.17213259316477408,4,0.0,0.631578947368421,0.8,0.56,0.5263157894736842,0.7058823529411765,0.8,0.64,0.631578947368421,0.7058823529411765,0.20202020202020202,0.3333333333333333,0.3277310924369748,20|1034-C40-1078-A01-1122-A01-1165-B-1166-B001020-1167-B0121-1168-A-1210-B01-1211-A-1254-A-814-A-858-A01-902-A01-946-C40-950-B-987-A-988-A01-989-C40-991-C40-992-A01-993-A01-994-B0010-995-B-,10,25,56441
5,14,20,1.0,1.0,0.0607737125462764,0.75,0.35714285714285715,0.7222222222222222,0.2631578947368421,0.23684210526315788,0.0769800358919501,4,0.0,0.7368421052631579,0.96,0.72,0.75,0.75,0.96,0.88,0.875,0.875,0.1388888888888889,0.16666666666666666,0.23214285714285715,20|1034-C40-1078-A01-1122-A01-1166-A00-1209-B-1210-B0020-1254-B-770-A-814-A01-858-A01-902-A01-946-C40-985-A-986-A01-987-A01-988-A01-989-C40-991-C40-992-A01-993-A01-994-A00-995-B00-996-B-,10,25,56442
3,16,20,1.0,0.8333333333333334,0.08594700851870801,0.3333333333333333,0.5,0.7222222222222222,0.3157894736842105,0.23684210526315788,0.17213259316477408,4,0.0,0.8421052631578947,0.8,0.8,0.7777777777777778,0.75,0.8,0.8,0.7777777777777778,0.75,0.16666666666666666,0.25,0.2746478873239437,20|1034-C40-1039-A-1078-A01-1122-A01-1166-A00-1208-A-1209-A01-1210-B0121-1254-A-770-B-814-A00-858-A01-902-A01-946-C40-986-A-987-A01-988-A01-989-C40-991-C40-992-A01-993-A01-994-A00-995-B21-,10,25,56443
0,19,20,1.0,0.9230769230769231,0.10078180081645664,0.0,1.0,0.8333333333333334,0.3157894736842105,0.25,0.12765694770084507,4,0.0,1.0,0.96,0.88,0.875,0.9333333333333333,0.96,0.88,0.875,0.9333333333333333,0.1282051282051282,1.0,0.2154696132596685,20|1034-C40-1078-A01-1122-A01-1166-A01-1210-A01-1254-A01-1298-A-770-A-814-A01-858-A01-902-A01-946-C40-985-A-986-A01-987-A01-988-A01-989-C40-991-C40-992-A01-993-A01-994-A01-995-A01-996-A-,10,25,56444
7,12,20,1.0,0.8333333333333334,0.08594700851870801,0.6666666666666666,0.35714285714285715,0.7222222222222222,0.3157894736842105,0.23684210526315788,0.17213259316477408,4,0.0,0.631578947368421,0.8,0.8,0.7777777777777778,0.75,0.8,0.8,0.7777777777777778,0.75,0.16666666666666666,0.16666666666666666,0.2746478873239437,20|1034-C40-1039-B-1078-A01-1122-A01-1165-B-1166-A00-1209-B20-1210-B0020-1254-B-770-B-814-A00-858-A01-902-A01-946-C40-986-A-987-A01-988-A01-989-C40-991-C40-992-A01-993-A01-994-A00-995-B20-,10,25,56445
0,19,20,1.0,0.9230769230769231,0.10078180081645664,0.0,1.0,0.8333333333333334,0.3157894736842105,0.25,0.12765694770084507,4,0.0,1.0,0.96,0.88,0.875,0.9333333333333333,0.96,0.88,0.875,0.9333333333333333,0.1282051282051282,1.0,0.2154696132596685,20|1034-C40-1078-A01-1122-A01-1166-A01-1210-A01-1254-A01-1298-A-770-A-814-A01-858-A01-902-A01-946-C40-985-A-986-A01-987-A01-988-A01-989-C40-991-C40-992-A01-993-A01-994-A01-995-A01-996-A-,10,25,56446
8,11,20,1.0,0.8888888888888888,0.10078180081645664,0.6666666666666666,0.6428571428571429,0.3333333333333333,0.2631578947368421,0.17105263157894737,0.2,4,0.4444444444444444,0.5789473684210527,0.56,0.4,0.4,0.5263157894736842,0.72,0.56,0.5,0.631578947368421,0.2777777777777778,0.3333333333333333,0.43820224719101125,20|1034-C40-1078-A00-1079-B-1121-B-1122-B001020-1123-B0020-1124-A-1166-B0020-1167-A00-1168-B-1210-A-858-A-902-A00-905-B-946-C40-949-A00-987-A-988-A00-989-C40-991-C40-992-A00-993-B0020-994-A-,10,25,56447
0,19,20,1.0,0.9230769230769231,0.10078180081645664,0.0,1.0,0.8333333333333334,0.3157894736842105,0.25,0.12765694770084507,4,0.0,1.0,0.96,0.88,0.875,0.9333333333333333,0.96,0.88,0.875,0.9333333333333333,0.1282051282051282,1.0,0.2154696132596685,20|1034-C40-1078-A00-1122-A00-1166-A00-1210-A00-1254-A00-1298-A-770-A-814-A00-858-A00-902-A00-946-C40-985-A-986-A00-987-A00-988-A00-989-C40-991-C40-992-A00-993-A00-994-A00-995-A00-996-A-,10,25,56448
0,19,20,1.0,0.9230769230769231,0.10078180081645664,0.0,1.0,0.8333333333333334,0.3157894736842105,0.25,0.12765694770084507,4,0.0,1.0,0.96,0.88,0.875,0.9333333333333333,0.96,0.88,0.875,0.9333333333333333,0.1282051282051282,1.0,0.2154696132596685,20|1034-C40-1078-A01-1122-A01-1166-A01-1210-A01-1254-A01-1298-A-770-A-814-A01-858-A01-902-A00-946-C40-985-A-986-A01-987-A01-988-A00-989-C40-991-C40-992-A01-993-A01-994-A01-995-A01-996-A-,10,25,56449
0,19,20,1.0,0.9230769230769231,0.10078180081645664,0.0,1.0,0.8333333333333334,0.3157894736842105,0.25,0.12765694770084507,4,0.0,1.0,0.96,0.88,0.875,0.9333333333333333,0.96,0.88,0.875,0.9333333333333333,0.1282051282051282,1.0,0.2154696132596685,20|1034-C40-1078-A01-1122-A01-1166-A01-1210-A01-1254-A01-1298-A-770-A-814-A01-858-A01-902-A01-946-C40-985-A-986-A01-987-A01-988-A01-989-C40-991-C40-992-A01-993-A01-994-A01-995-A01-996-A-,10,25,56450
0,19,20,1.0,0.9230769230769231,0.10078180081645664,0.0,1.0,0.8333333333333334,0.3157894736842105,0.25,0.12765694770084507,4,0.0,1.0,0.96,0.88,0.875,0.9333333333333333,0.96,0.88,0.875,0.9333333333333333,0.1282051282051282,1.0,0.2154696132596685,20|1034-C40-1078-A01-1122-A01-1166-A01-1210-A01-1254-A01-1298-A-770-A-814-A01-858-A01-902-A01-946-C40-985-A-986-A01-987-A01-988-A01-989-C40-991-C40-992-A01-993-A01-994-A01-995-A01-996-A-,10,25,56451
0,19,20,1.0,0.9230769230769231,0.10078180081645664,0.0,1.0,0.8333333333333334,0.3157894736842105,0.25,0.12765694770084507,4,0.0,1.0,0.96,0.88,0.875,0.9333333333333333,0.96,0.88,0.875,0.9333333333333333,0.1282051282051282,1.0,0.2154696132596685,20|1034-C40-1078-A01-1122-A01-1166-A01-1210-A01-1254-A01-1298-A-770-A-814-A01-858-A01-902-A01-946-C40-985-A-986-A01-987-A01-988-A01-989-C40-991-C40-992-A01-993-A01-994-A01-995-A01-996-A-,10,25,56452
5,14,20,1.0,0.9166666666666666,0.10078180081645664,1.0,0.35714285714285715,0.7222222222222222,0.3157894736842105,0.23684210526315788,0.17213259316477408,4,0.0,0.7368421052631579,0.8,0.72,0.8235294117647058,0.75,0.88,0.8,0.8235294117647058,0.875,0.15151515151515152,0.16666666666666666,0.25161290322580643,20|1034-C40-1078-A01-1122-A01-1166-A01-1210-A01-1253-B-1254-B1020-1255-B-770-A-814-A01-858-A01-902-A01-946-C40-986-B-987-A01-988-A01-989-C40-991-C40-992-A01-993-A01-994-A01-995-A01-996-B-,10,25,56453
0,19,20,1.0,0.9230769230769231,0.10078180081645664,0.0,1.0,0.8333333333333334,0.3157894736842105,0.25,0.12765694770084507,4,0.0,1.0,0.96,0.88,0.875,0.9333333333333333,0.96,0.88,0.875,0.9333333333333333,0.1282051282051282,1.0,0.2154696132596685,20|1034-C40-1078-A00-1122-A00-1166-A00-1210-A00-1254-A00-1298-A-770-A-814-A00-858-A00-902-A00-946-C40-985-A-986-A00-987-A00-988-A00-989-C40-991-C40-992-A00-993-A00-994-A00-995-A00-996-A-,10,25,56454
0,19,20,1.0,0.9230769230769231,0.10078180081645664,0.0,1.0,0.8333333333333334,0.3157894736842105,0.25,0.12765694770084507,4,0.0,1.0,0.96,0.88,0.875,0.9333333333333333,0.96,0.88,0.875,0.9333333333333333,0.1282051282051282,1.0,0.2154696132596685,20|1034-C40-1078-A01-1122-A01-1166-A01-1210-A01-1254-A01-1298-A-770-A-814-A01-858-A01-902-A01-946-C40-985-A-986-A01-987-A01-988-A01-989-C40-991-C40-992-A01-993-A01-994-A01-995-A01-996-A-,10,25,56455
2,17,20,1.0,0.8461538461538461,0.13589415249850587,0.5,0.625,0.7222222222222222,0.3157894736842105,0.23684210526315788,0.17213259316477408,4,0.0,0.8947368421052632,0.88,0.8,0.8235294117647058,0.8,0.88,0.8,0.8235294117647058,0.8,0.13986013986013987,0.3333333333333333,0.23353293413173654,20|1034-C40-1078-A01-1122-A01-1166-A01-1210-A01-1254-B0121-1255-A-1298-A-770-A-814-A01-858-A01-902-A01-946-C40-986-A-987-A01-988-A01-989-C40-991-C40-992-A01-993-A01-994-A01-995-A01-996-B-,10,25,56456
0,19,20,1.0,0.9230769230769231,0.10078180081645664,0.0,1.0,0.8333333333333334,0.3157894736842105,0.25,0.12765694770084507,4,0.0,1.0,0.96,0.88,0.875,0.9333333333333333,0.96,0.88,0.875,0.9333333333333333,0.1282051282051282,1.0,0.2154696132596685,20|1034-C40-1078-A01-1122-A01-1166-A01-1210-A01-1254-A01-1298-A-770-A-814-A01-858-A01-902-A01-946-C40-985-A-986-A01-987-A01-988-A01-989-C40-991-C40-992-A01-993-A01-994-A01-995-A01-996-A-,10,25,56457
2,17,20,1.0,0.8461538461538461,0.13589415249850587,0.5,0.625,0.7222222222222222,0.3157894736842105,0.23684210526315788,0.17213259316477408,4,0.0,0.8947368421052632,0.88,0.8,0.8235294117647058,0.8,0.88,0.8,0.8235294117647058,0.8,0.13986013986013987,0.3333333333333333,0.23353293413173654,20|1034-C40-1078-A01-1122-A01-1166-A01-1210-A01-1254-B0121-1255-A-1298-A-770-A-814-A01-858-A01-902-A01-946-C40-986-A-987-A01-988-A01-989-C40-991-C40-992-A01-993-A01-994-A01-995-A01-996-B-,10,25,56458
1,18,20,1.0,1.0,0.0607737125462764,0.0,1.0,0.6666666666666666,0.2631578947368421,0.19736842105263158,0.12765694770084507,4,0.1111111111111111,0.9473684210526316,0.64,0.75,0.8888888888888888,0.5555555555555556,0.72,0.8333333333333334,0.8888888888888888,0.6666666666666666,0.2,1.0,0.325,20|1031-A01-1034-C40-1075-A01-1078-A01-1119-A-1122-A01-1166-A01-1210-A-814-A-858-A01-899-A-902-A01-943-A01-946-C40-985-A-986-A01-987-B011121-988-A00-989-C40-991-C40-992-A01-993-A01-994-A-,10,25,56459
3,16,20,1.0,0.9090909090909091,0.10078180081645664,0.3333333333333333,0.7,0.5555555555555556,0.2631578947368421,0.19736842105263158,0.12765694770084507,4,0.0,0.8421052631578947,0.8,0.64,0.6666666666666666,0.7058823529411765,0.88,0.72,0.6666666666666666,0.8235294117647058,0.18181818181818182,0.5,0.29770992366412213,20|1034-C40-1038-A-1078-A01-1122-A01-1164-A-1165-A01-1166-B011121-1167-A-1210-A01-1254-A-814-B-858-A01-902-A01-946-C40-986-A-987-A01-988-A01-989-C40-991-C40-992-A01-993-A01-994-B0121-995-A-,10,25,56460
0,19,20,1.0,0.9230769230769231,0.10078180081645664,0.0,1.0,0.8333333333333334,0.3157894736842105,0.25,0.12765694770084507,4,0.0,1.0,0.96,0.88,0.875,0.9333333333333333,0.96,0.88,0.875,0.9333333333333333,0.1282051282051282,1.0,0.2154696132596685,20|1034-C40-1078-A01-1122-A01-1166-A01-1210-A01-1254-A01-1298-A-770-A-814-A01-858-A01-902-A01-946-C40-985-A-986-A01-987-A01-988-A01-989-C40-991-C40-992-A01-993-A01-994-A01-995-A01-996-A-,10,25,56461
1,18,20,1.0,0.9230769230769231,0.10078180081645664,1.0,0.6666666666666666,0.8333333333333334,0.3157894736842105,0.25,0.12765694770084507,4,0.0,0.9473684210526316,0.88,0.8,0.75,0.9333333333333333,0.96,0.88,0.875,0.9333333333333333,0.1282051282051282,0.5,0.2154696132596685,20|1034-C40-1078-A01-1122-A01-1166-A00-1210-A01-1254-A01-1298-A-770-B-814-A00-858-A01-902-A01-946-C40-985-A-986-A01-987-A01-988-A01-989-C40-991-C40-992-A01-993-A01-994-A00-995-A01-996-A-,10,25,56462
0,19,20,1.0,0.9230769230769231,0.10078180081645664,0.0,1.0,0.8333333333333334,0.3157894736842105,0.25,0.12765694770084507,4,0.0,1.0,0.96,0.88,0.875,0.9333333333333333,0.96,0.88,0.875,0.9333333333333333,0.1282051282051282,1.0,0.2154696132596685,20|1034-C40-1078-A01-1122-A00-1166-A00-1210-A00-1254-A00-1298-A-770-A-814-A00-858-A00-902-A01-946-C40-985-A-986-A00-987-A00-988-A00-989-C40-991-C40-992-A01-993-A00-994-A00-995-A00-996-A-,10,25,56463
0,19,20,1.0,0.9230769230769231,0.05263157894736842,0.0,1.0,0.8333333333333334,0.2631578947368421,0.25,0.06666666666666667,4,0.0,1.0,0.96,0.96,1.0,0.9333333333333333,0.96,0.96,1.0,0.9333333333333333,0.1282051282051282,1.0,0.2154696132596685,20|1034-C40-1078-A01-1122-A01-1166-A01-1210-A01-1254-A-726-A-770-A01-814-A01-858-A01-902-A00-946-C40-985-A-986-A01-987-A01-988-A00-989-C40-991-C40-992-A01-993-A01-994-A01-995-A01-996-A-,10,25,56464
0,19,20,1.0,0.9230769230769231,0.10078180081645664,0.0,1.0,0.8333333333333334,0.3157894736842105,0.25,0.12765694770084507,4,0.0,1.0,0.96,0.88,0.875,0.9333333333333333,0.96,0.88,0.875,0.9333333333333333,0.1282051282051282,1.0,0.2154696132596685,20|1034-C40-1078-A01-1122-A01-1166-A01-1210-A01-1254-A01-1298-A-770-A-814-A01-858-A01-902-A01-946-C40-985-A-986-A01-987-A01-988-A01-989-C40-991-C40-992-A01-993-A01-994-A01-995-A01-996-A-,10,25,56465
0,19,20,1.0,0.9230769230769231,0.10078180081645664,0.0,1.0,0.8333333333333334,0.3157894736842105,0.25,0.12765694770084507,4,0.0,1.0,0.96,0.88,0.875,0.9333333333333333,0.96,0.88,0.875,0.9333333333333333,0.1282051282051282,1.0,0.2154696132596685,20|1034-C40-1078-A01-1122-A01-1166-A01-1210-A01-1254-A01-1298-A-770-A-814-A01-858-A01-902-A01-946-C40-985-A-986-A01-987-A01-988-A01-989-C40-991-C40-992-A01-993-A01-994-A01-995-A01-996-A-,10,25,56466
1,18,20,1.0,0.8333333333333334,0.08594700851870801,0.0,1.0,0.6666666666666666,0.2631578947368421,0.2236842105263158,0.12765694770084507,4,0.0,0.9473684210526316,0.72,0.72,0.8888888888888888,0.625,0.8,0.8,0.8888888888888888,0.75,0.16666666666666666,1.0,0.2746478873239437,20|1034-C40-1038-A01-1078-A01-1082-A-1122-A01-1166-A01-1210-A01-1254-A-770-A-814-A01-858-A01-902-A01-946-C40-950-A-986-A-987-A01-988-A01-989-C40-991-C40-992-A01-993-A01-994-B011121-995-A-,10,25,56467
8,11,20,1.0,0.8333333333333334,0.08594700851870801,0.8333333333333334,0.35714285714285715,0.7222222222222222,0.3157894736842105,0.23684210526315788,0.17213259316477408,4,0.0,0.5789473684210527,0.72,0.72,0.7777777777777778,0.625,0.8,0.8,0.7777777777777778,0.75,0.16666666666666666,0.16666666666666666,0.2746478873239437,20|1034-C40-1039-B-1078-A01-1122-A01-1165-B-1166-A00-1209-B20-1210-B0020-1254-B-770-B-814-A00-858-A01-902-A01-946-C40-986-B-987-A01-988-A01-989-C40-991-C40-992-A01-993-A01-994-A00-995-B20-,10,25,56468
9,10,20,1.0,0.8461538461538461,0.13589415249850587,0.7142857142857143,0.35714285714285715,0.7222222222222222,0.3157894736842105,0.23684210526315788,0.17213259316477408,4,0.0,0.5263157894736842,0.88,0.64,0.7058823529411765,0.6666666666666666,0.88,0.8,0.8235294117647058,0.8,0.13986013986013987,0.16666666666666666,0.23353293413173654,20|1034-C40-1078-A01-1122-A01-1166-A00-1209-B-1210-B0020-1254-B00-1298-B-770-B-814-B00-858-A01-902-A01-946-C40-986-B-987-A01-988-A01-989-C40-991-C40-992-A01-993-A01-994-A00-995-B00-996-B-,10,25,56469
7,12,20,1.0,0.9090909090909091,0.10078180081645664,0.8333333333333334,0.42857142857142855,0.6666666666666666,0.2631578947368421,0.21052631578947367,0.10886621079036347,4,0.3333333333333333,0.631578947368421,0.64,0.48,0.6666666666666666,0.47058823529411764,0.8,0.72,0.7777777777777778,0.7058823529411765,0.18181818181818182,0.3333333333333333,0.29770992366412213,20|1034-C40-1037-A-1078-A01-1122-A01-1166-A01-1210-A01-1254-B-813-B-814-B10-858-A01-902-A01-905-B-946-C40-949-A01-986-B-987-A01-988-A01-989-C40-991-C40-992-A00-993-B011121-994-A01-995-B-,10,25,56470
6,13,20,1.0,1.0,0.0,0.8,0.42857142857142855,0.6111111111111112,0.2631578947368421,0.2236842105263158,0.06666666666666667,4,0.0,0.6842105263157895,0.8,0.8,0.8235294117647058,0.8235294117647058,0.88,0.88,0.8235294117647058,0.9411764705882353,0.1652892561983471,0.16666666666666666,0.2727272727272727,20|1034-C40-1078-A01-1122-A01-1166-A00-1209-A-1210-B1121-1211-A-770-B-814-A00-858-A01-902-A01-942-B-946-C40-985-B-986-B0020-987-A01-988-A01-989-C40-991-C40-992-A01-993-A01-994-A00-995-B-,10,25,56471
0,19,20,1.0,0.9230769230769231,0.10078180081645664,0.0,1.0,0.8333333333333334,0.3157894736842105,0.25,0.12765694770084507,4,0.0,1.0,0.96,0.88,0.875,0.9333333333333333,0.96,0.88,0.875,0.9333333333333333,0.1282051282051282,1.0,0.2154696132596685,20|1034-C40-1078-A01-1122-A01-1166-A01-1210-A01-1254-A01-1298-A-770-A-814-A01-858-A01-902-A01-946-C40-985-A-986-A01-987-A01-988-A00-989-C40-991-C40-992-A01-993-A01-994-A01-995-A01-996-A-,10,25,56472
0,19,20,1.0,0.9230769230769231,0.05263157894736842,0.0,1.0,0.8333333333333334,0.2631578947368421,0.25,0.06666666666666667,4,0.0,1.0,0.96,0.96,1.0,0.9333333333333333,0.96,0.96,1.0,0.9333333333333333,0.1282051282051282,1.0,0.2154696132596685,20|1034-C40-1078-A01-1122-A01-1166-A01-1210-A01-1254-A-726-A-770-A01-814-A01-858-A01-902-A01-946-C40-985-A-986-A01-987-A01-988-A01-989-C40-991-C40-992-A01-993-A01-994-A01-995-A01-996-A-,10,25,56473
4,15,20,1.0,0.8333333333333334,0.08594700851870801,0.5,0.4166666666666667,0.7222222222222222,0.3157894736842105,0.23684210526315788,0.17213259316477408,4,0.1111111111111111,0.7894736842105263,0.8,0.8,0.7777777777777778,0.75,0.8,0.8,0.7777777777777778,0.75,0.16666666666666666,0.2,0.2746478873239437,20|1034-C40-1039-A-1078-A01-1122-A01-1166-A00-1208-B-1209-A01-1210-B0121-1254-A-770-B-814-A00-858-A01-902-A01-946-C40-986-A-987-A01-988-A01-989-C40-991-C40-992-A01-993-A01-994-A00-995-B21-,10,25,56474
2,17,20,1.0,0.6923076923076923,0.1215474250925528,0.5,0.625,0.7222222222222222,0.2631578947368421,0.23684210526315788,0.13333333333333333,4,0.1111111111111111,0.8947368421052632,0.56,0.5833333333333334,0.8421052631578947,0.5333333333333333,0.72,0.75,0.8421052631578947,0.8,0.17094017094017094,0.3333333333333333,0.2805755395683453,20|1034-C40-1078-A00-1122-A01-1166-A01-1210-A01-1254-A-726-A-770-A01-814-A01-858-A00-861-A-902-A00-905-A01-946-C40-949-A01-986-B-987-A01-988-A01-989-C40-991-C40-992-A00-993-B0121-994-A-,10,25,56475
1,18,20,1.0,0.9230769230769231,0.10078180081645664,1.0,0.6666666666666666,0.8333333333333334,0.3157894736842105,0.25,0.12765694770084507,4,0.0,0.9473684210526316,0.96,0.88,0.875,0.9333333333333333,0.96,0.88,0.875,0.9333333333333333,0.1282051282051282,0.5,0.2154696132596685,20|1034-C40-1078-A01-1122-A01-1166-A01-1210-A01-1254-A00-1298-B-770-A-814-A01-858-A01-902-A01-946-C40-985-A-986-A01-987-A01-988-A01-989-C40-991-C40-992-A01-993-A01-994-A01-995-A01-996-A-,10,25,56476
0,19,20,1.0,0.9230769230769231,0.05263157894736842,0.0,1.0,0.8333333333333334,0.2631578947368421,0.25,0.06666666666666667,4,0.0,1.0,0.96,0.96,1.0,0.9333333333333333,0.96,0.96,1.0,0.9333333333333333,0.1282051282051282,1.0,0.2154696132596685,20|1034-C40-1078-A00-1122-A00-1166-A00-1210-A00-1254-A-726-A-770-A00-814-A00-858-A00-902-A00-946-C40-985-A-986-A00-987-A00-988-A00-989-C40-991-C40-992-A00-993-A00-994-A00-995-A00-996-A-,10,25,56477
5,14,20,1.0,0.6666666666666666,0.1823211376388292,0.5,0.5714285714285714,0.4444444444444444,0.3157894736842105,0.19736842105263158,0.2277100170213244,4,0.2222222222222222,0.7368421052631579,0.72,0.48,0.6,0.5,0.72,0.64,0.7,0.625,0.20833333333333334,0.3333333333333333,0.33620689655172414,20|1031-A-1034-C40-1078-A01-1122-A01-1166-A01-1210-A01-1254-B0020-1255-B-1298-B-814-A-858-B0111-859-A-899-A-902-A00-943-A01-946-C40-986-A-987-B011121-988-A00-989-C40-991-C40-992-A01-993-A-,10,25,56478
0,19,20,1.0,0.9230769230769231,0.10078180081645664,0.0,1.0,0.8333333333333334,0.3157894736842105,0.25,0.12765694770084507,4,0.0,1.0,0.96,0.88,0.875,0.9333333333333333,0.96,0.88,0.875,0.9333333333333333,0.1282051282051282,1.0,0.2154696132596685,20|1034-C40-1078-A01-1122-A01-1166-A01-1210-A01-1254-A01-1298-A-770-A-814-A01-858-A01-902-A01-946-C40-985-A-986-A01-987-A01-988-A01-989-C40-991-C40-992-A01-993-A01-994-A01-995-A01-996-A-,10,25,56479
0,19,20,1.0,0.9230769230769231,0.05263157894736842,0.0,1.0,0.8333333333333334,0.2631578947368421,0.25,0.06666666666666667,4,0.0,1.0,0.96,0.96,1.0,0.9333333333333333,0.96,0.96,1.0,0.9333333333333333,0.1282051282051282,1.0,0.2154696132596685,20|1034-C40-1078-A00-1122-A00-1166-A00-1210-A01-1254-A-726-A-770-A01-814-A00-858-A00-902-A00-946-C40-985-A-986-A00-987-A00-988-A00-989-C40-991-C40-992-A00-993-A00-994-A00-995-A01-996-A-,10,25,56480
0,19,20,1.0,0.9230769230769231,0.10078180081645664,0.0,1.0,0.8333333333333334,0.3157894736842105,0.25,0.12765694770084507,4,0.0,1.0,0.96,0.88,0.875,0.9333333333333333,0.96,0.88,0.875,0.9333333333333333,0.1282051282051282,1.0,0.2154696132596685,20|1034-C40-1078-A01-1122-A01-1166-A01-1210-A01-1254-A01-1298-A-770-A-814-A01-858-A01-902-A01-946-C40-985-A-986-A01-987-A01-988-A01-989-C40-991-C40-992-A01-993-A01-994-A01-995-A01-996-A-,10,25,56481
0,19,20,1.0,0.9230769230769231,0.05263157894736842,0.0,1.0,0.8333333333333334,0.2631578947368421,0.25,0.06666666666666667,4,0.0,1.0,0.96,0.96,1.0,0.9333333333333333,0.96,0.96,1.0,0.9333333333333333,0.1282051282051282,1.0,0.2154696132596685,20|1034-C40-1078-A01-1122-A01-1166-A01-1210-A01-1254-A-726-A-770-A01-814-A01-858-A01-902-A01-946-C40-985-A-986-A01-987-A01-988-A01-989-C40-991-C40-992-A01-993-A01-994-A01-995-A01-996-A-,10,25,56482
10,9,20,1.0,0.8181818181818182,0.13589415249850587,0.75,0.5714285714285714,0.4444444444444444,0.2631578947368421,0.18421052631578946,0.17213259316477408,4,0.0,0.4736842105263158,0.8,0.64,0.631578947368421,0.7058823529411765,0.8,0.64,0.631578947368421,0.7058823529411765,0.20202020202020202,0.3333333333333333,0.3277310924369748,20|1034-C40-1038-B-1078-A01-1121-A-1122-A01-1165-B21-1166-B001020-1167-B-1209-B-1210-B0020-1254-B-814-B-858-A01-902-A01-946-C40-987-A-988-A01-989-C40-991-C40-992-A01-993-A01-994-B0020-995-B-,10,25,56483
0,19,20,1.0,0.9230769230769231,0.10078180081645664,0.0,1.0,0.8333333333333334,0.3157894736842105,0.25,0.12765694770084507,4,0.0,1.0,0.96,0.88,0.875,0.9333333333333333,0.96,0.88,0.875,0.9333333333333333,0.1282051282051282,1.0,0.2154696132596685,20|1034-C40-1078-A01-1122-A01-1166-A01-1210-A01-1254-A01-1298-A-770-A-814-A01-858-A01-902-A01-946-C40-985-A-986-A01-987-A01-988-A01-989-C40-991-C40-992-A01-993-A01-994-A01-995-A01-996-A-,10,25,56484
3,16,20,1.0,0.8333333333333334,0.08594700851870801,0.3333333333333333,0.5,0.7222222222222222,0.3157894736842105,0.23684210526315788,0.17213259316477408,4,0.0,0.8421052631578947,0.8,0.8,0.7777777777777778,0.75,0.8,0.8,0.7777777777777778,0.75,0.16666666666666666,0.25,0.2746478873239437,20|1034-C40-1039-A-1078-A01-1122-A01-1166-A00-1208-A-1209-A01-1210-B0121-1254-A-770-B-814-A00-858-A01-902-A01-946-C40-986-A-987-A01-988-A01-989-C40-991-C40-992-A01-993-A01-994-A00-995-B21-,10,25,56485
0,19,20,1.0,0.9230769230769231,0.05263157894736842,0.0,1.0,0.8333333333333334,0.2631578947368421,0.25,0.06666666666666667,4,0.0,1.0,0.96,0.96,0.9333333333333333,1.0,0.96,0.96,0.9333333333333333,1.0,0.1282051282051282,1.0,0.2154696132596685,20|1034-C40-1078-A00-1122-A01-1166-A01-1210-A-726-A-770-A00-814-A01-858-A01-902-A00-946-C40-984-A-985-A00-986-A01-987-A01-988-A00-989-C40-991-C40-992-A00-993-A01-994-A01-995-A00-996-A-,10,25,56486
5,14,20,1.0,0.8461538461538461,0.13589415249850587,1.0,0.35714285714285715,0.7222222222222222,0.3157894736842105,0.23684210526315788,0.17213259316477408,4,0.0,0.7368421052631579,0.8,0.72,0.8235294117647058,0.6666666666666666,0.88,0.8,0.8235294117647058,0.8,0.13986013986013987,0.16666666666666666,0.23353293413173654,20|1034-C40-1078-A01-1122-A01-1166-A01-1210-A01-1254-B0020-1255-B-1298-B-770-A-814-A01-858-A01-902-A01-946-C40-986-B-987-A01-988-A01-989-C40-991-C40-992-A01-993-A01-994-A01-995-A01-996-B-,10,25,56487
0,19,20,1.0,0.9230769230769231,0.10078180081645664,0.0,1.0,0.8333333333333334,0.3157894736842105,0.25,0.12765694770084507,4,0.0,1.0,0.96,0.88,0.875,0.9333333333333333,0.96,0.88,0.875,0.9333333333333333,0.1282051282051282,1.0,0.2154696132596685,20|1034-C40-1078-A00-1122-A01-1166-A01-1210-A01-1254-A01-1298-A-770-A-814-A01-858-A01-902-A00-946-C40-985-A-986-A01-987-A01-988-A00-989-C40-991-C40-992-A00-993-A01-994-A01-995-A01-996-A-,10,25,56488
1,18,20,1.0,0.9230769230769231,0.10078180081645664,1.0,0.6666666666666666,0.8333333333333334,0.3157894736842105,0.25,0.12765694770084507,4,0.0,0.9473684210526316,0.88,0.88,0.875,0.9333333333333333,0.96,0.88,0.875,0.9333333333333333,0.1282051282051282,0.5,0.2154696132596685,20|1034-C40-1078-A01-1122-A01-1166-A01-1210-A01-1254-A01-1298-A-770-A-814-A01-858-A01-902-A01-946-C40-985-A-986-A01-987-A01-988-A01-989-C40-991-C40-992-A01-993-A01-994-A01-995-A01-996-B-,10,25,56489
0,19,20,1.0,0.9230769230769231,0.10078180081645664,0.0,1.0,0.8333333333333334,0.3157894736842105,0.25,0.12765694770084507,4,0.0,1.0,0.96,0.88,0.875,0.9333333333333333,0.96,0.88,0.875,0.9333333333333333,0.1282051282051282,1.0,0.2154696132596685,20|1034-C40-1078-A00-1122-A00-1166-A00-1210-A00-1254-A00-1298-A-770-A-814-A00-858-A00-902-A00-946-C40-985-A-986-A00-987-A00-988-A00-989-C40-991-C40-992-A00-993-A00-994-A00-995-A00-996-A-,10,25,56490
3,16,20,1.0,0.9230769230769231,0.15789473684210528,0.6666666666666666,0.4,0.8333333333333334,0.3157894736842105,0.25,0.2,4,0.0,0.8421052631578947,0.96,0.56,0.625,0.6666666666666666,0.96,0.8,0.875,0.8,0.1282051282051282,0.25,0.2154696132596685,20|1034-C40-1078-A01-1122-A01-1166-A01-1210-A01-1254-A01-1298-A-770-B-814-B00-858-A01-902-A01-946-C40-986-B-987-A01-988-A01-989-C40-991-C40-992-A01-993-A01-994-A01-995-A01-996-A01-997-A-,10,25,56491
1,18,20,1.0,0.9230769230769231,0.10078180081645664,1.0,0.6666666666666666,0.8333333333333334,0.3157894736842105,0.25,0.12765694770084507,4,0.0,0.9473684210526316,0.96,0.88,0.875,0.9333333333333333,0.96,0.88,0.875,0.9333333333333333,0.1282051282051282,0.5,0.2154696132596685,20|1034-C40-1078-A01-1122-A01-1166-A01-1210-A01-1254-A00-1298-B-770-A-814-A01-858-A01-902-A01-946-C40-985-A-986-A01-987-A01-988-A01-989-C40-991-C40-992-A01-993-A01-994-A01-995-A01-996-A-,10,25,56492
1,18,20,1.0,0.9230769230769231,0.10078180081645664,1.0,0.6666666666666666,0.8333333333333334,0.3157894736842105,0.25,0.12765694770084507,4,0.0,0.9473684210526316,0.96,0.88,0.875,0.9333333333333333,0.96,0.88,0.875,0.9333333333333333,0.1282051282051282,0.5,0.2154696132596685,20|1034-C40-1078-A01-1122-A00-1166-A01-1210-A01-1254-A01-1298-B-770-A-814-A01-858-A00-902-A01-946-C40-985-A-986-A01-987-A00-988-A01-989-C40-991-C40-992-A01-993-A00-994-A01-995-A01-996-A-,10,25,56493
3,16,20,1.0,0.9090909090909091,0.10078180081645664,0.3333333333333333,0.6,0.6666666666666666,0.2631578947368421,0.2236842105263158,0.12765694770084507,4,0.0,0.8421052631578947,0.64,0.72,0.6666666666666666,0.5882352941176471,0.8,0.8,0.7777777777777778,0.7058823529411765,0.18181818181818182,0.5,0.29770992366412213,20|1034-C40-1038-A01-1078-A01-1082-A-1122-A01-1166-A01-1210-A01-1254-A-814-B20-815-B-858-A01-902-A01-946-C40-950-A-986-A-987-A01-988-A01-989-C41-991-C40-992-A01-993-A01-994-B011121-995-A-,10,25,56494
0,19,20,1.0,0.9230769230769231,0.10078180081645664,0.0,1.0,0.8333333333333334,0.3157894736842105,0.25,0.12765694770084507,4,0.0,1.0,0.96,0.88,0.875,0.9333333333333333,0.96,0.88,0.875,0.9333333333333333,0.1282051282051282,1.0,0.2154696132596685,20|1034-C40-1078-A01-1122-A01-1166-A01-1210-A01-1254-A01-1298-A-770-A-814-A01-858-A01-902-A01-946-C40-985-A-986-A01-987-A01-988-A01-989-C40-991-C40-992-A01-993-A01-994-A01-995-A01-996-A-,10,25,56495
0,19,20,1.0,0.9230769230769231,0.10078180081645664,0.0,1.0,0.8333333333333334,0.3157894736842105,0.25,0.12765694770084507,4,0.0,1.0,0.96,0.88,0.875,0.9333333333333333,0.96,0.88,0.875,0.9333333333333333,0.1282051282051282,1.0,0.2154696132596685,20|1034-C40-1078-A01-1122-A01-1166-A01-1210-A01-1254-A01-1298-A-770-A-814-A01-858-A01-902-A01-946-C40-985-A-986-A01-987-A01-988-A01-989-C40-991-C40-992-A01-993-A01-994-A01-995-A01-996-A-,10,25,56496
0,19,20,1.0,0.9230769230769231,0.10078180081645664,0.0,1.0,0.8333333333333334,0.3157894736842105,0.25,0.12765694770084507,4,0.0,1.0,0.96,0.88,0.875,0.9333333333333333,0.96,0.88,0.875,0.9333333333333333,0.1282051282051282,1.0,0.2154696132596685,20|1034-C40-1078-A01-1122-A01-1166-A01-1210-A01-1254-A01-1298-A-770-A-814-A01-858-A01-902-A01-946-C40-985-A-986-A01-987-A01-988-A01-989-C40-991-C40-992-A01-993-A01-994-A01-995-A01-996-A-,10,25,56497
1,18,20,1.0,0.8461538461538461,0.13589415249850587,0.0,0.8333333333333334,0.7222222222222222,0.3157894736842105,0.23684210526315788,0.17213259316477408,4,0.1111111111111111,0.9473684210526316,0.8,0.72,0.8235294117647058,0.6666666666666666,0.88,0.8,0.8235294117647058,0.8,0.13986013986013987,0.5,0.23353293413173654,20|1031-A-1034-C40-1078-A00-1122-A01-1166-A01-1210-A01-1254-A01-1298-A-770-A-814-A01-858-A01-902-A01-946-C40-986-A-987-B0121-988-A00-989-C40-991-C40-992-A00-993-A01-994-A01-995-A01-996-A-,10,25,56498
0,19,20,1.0,0.9230769230769231,0.10078180081645664,0.0,1.0,0.8333333333333334,0.3157894736842105,0.25,0.12765694770084507,4,0.0,1.0,0.96,0.88,0.875,0.9333333333333333,0.96,0.88,0.875,0.9333333333333333,0.1282051282051282,1.0,0.2154696132596685,20|1034-C40-1078-A01-1122-A01-1166-A01-1210-A01-1254-A01-1298-A-770-A-814-A01-858-A01-902-A01-946-C40-985-A-986-A01-987-A01-988-A01-989-C40-991-C40-992-A01-993-A01-994-A01-995-A01-996-A-,10,25,56499
6,13,20,1.0,0.8461538461538461,0.13589415249850587,0.8,0.35714285714285715,0.7222222222222222,0.3157894736842105,0.23684210526315788,0.17213259316477408,4,0.0,0.6842105263157895,0.8,0.8,0.7058823529411765,0.8,0.88,0.8,0.8235294117647058,0.8,0.13986013986013987,0.16666666666666666,0.23353293413173654,20|1034-C40-1039-B-1078-A00-1122-A01-1166-A01-1210-A00-1254-B00-1298-B-770-B-814-A00-858-A01-902-A01-946-C40-986-A-987-A01-988-A01-989-C40-991-C40-992-A01-993-A01-994-A00-995-B0020-996-B-,10,25,56500
1,18,20,1.0,0.9230769230769231,0.10078180081645664,1.0,0.6666666666666666,0.8333333333333334,0.3157894736842105,0.25,0.12765694770084507,4,0.0,0.9473684210526316,0.88,0.8,0.875,0.8,0.96,0.88,0.875,0.9333333333333333,0.1282051282051282,0.5,0.2154696132596685,20|1034-C40-1078-A01-1122-A01-1166-A01-1210-A01-1254-A01-1298-A-770-A-814-A01-858-A01-902-A01-946-C40-985-B-986-A00-987-A01-988-A01-989-C40-991-C40-992-A01-993-A01-994-A01-995-A01-996-A-,10,26,56501
3,16,20,1.0,0.8333333333333334,0.08594700851870801,0.3333333333333333,0.5,0.7222222222222222,0.3157894736842105,0.23684210526315788,0.17213259316477408,4,0.0,0.8421052631578947,0.8,0.8,0.7777777777777778,0.75,0.8,0.8,0.7777777777777778,0.75,0.16666666666666666,0.25,0.2746478873239437,20|1034-C40-1039-A-1078-A01-1122-A01-1166-A00-1208-A-1209-A01-1210-B0121-1254-A-770-B-814-A00-858-A01-902-A01-946-C40-986-A-987-A01-988-A01-989-C40-991-C40-992-A01-993-A01-994-A00-995-B21-,10,26,56502
0,19,20,1.0,0.9230769230769231,0.10078180081645664,0.0,1.0,0.8333333333333334,0.3157894736842105,0.25,0.12765694770084507,4,0.0,1.0,0.88,0.96,0.9333333333333333,0.875,0.88,0.96,0.9333333333333333,0.875,0.1282051282051282,1.0,0.2154696132596685,20|1034-C40-1078-A01-1122-A01-1166-A01-1210-A01-1254-A-770-A-814-A01-858-A01-902-A01-946-C40-983-A-984-A01-985-A01-986-A01-987-A01-988-A01-989-C40-991-C40-992-A01-993-A01-994-A01-995-A-,10,26,56503
5,14,20,1.0,0.8,0.08594700851870801,0.5,0.5714285714285714,0.4444444444444444,0.21052631578947367,0.18421052631578946,0.13333333333333333,4,0.5555555555555556,0.7368421052631579,0.64,0.72,0.6666666666666666,0.7,0.64,0.72,0.6666666666666666,0.7,0.25,0.3333333333333333,0.3979591836734694,20|1031-A01-1034-C40-1037-A-1075-A-1078-A00-1122-B-814-A-856-A-857-A01-858-B0121-902-A00-905-A-946-C40-949-A01-986-A-987-B0121-988-A00-989-C40-991-C40-992-A00-993-B011121-994-A01-995-B-,10,26,56504
5,14,20,1.0,1.0,0.08594700851870801,0.75,0.42857142857142855,0.6666666666666666,0.2631578947368421,0.2236842105263158,0.12765694770084507,4,0.0,0.7368421052631579,0.72,0.64,0.8235294117647058,0.5882352941176471,0.8,0.8,0.8235294117647058,0.8235294117647058,0.1652892561983471,0.3333333333333333,0.2727272727272727,20|1030-B-1034-C40-1078-A01-1122-A01-1166-A01-1210-A01-1254-B-814-A-858-A01-902-A01-942-B20-943-A-946-C40-985-B-986-B001020-987-A01-988-A01-989-C40-991-C40-992-A01-993-A01-994-A01-995-A-,10,26,56505
0,16,17,0.85,1.0,0.0,0.0,1.0,0.8,0.25,0.25,0.0,4,0.0,1.0,1.0,1.0,1.0,1.0,1.0,1.0,1.0,1.0,0.14049586776859505,1.0,0.24475524475524477,17|551-A-589-A01-627-A01-665-A01-703-C40-736-A-737-A01-738-A01-739-A01-740-C40-742-C40-743-A01-744-A01-745-A01-746-A-779-C40-817-A00-855-A01-893-A01-931-A-,10,26,56506
0,19,20,1.0,0.9230769230769231,0.10078180081645664,0.0,1.0,0.8333333333333334,0.3157894736842105,0.25,0.12765694770084507,4,0.0,1.0,0.96,0.88,0.875,0.9333333333333333,0.96,0.88,0.875,0.9333333333333333,0.1282051282051282,1.0,0.2154696132596685,20|1034-C40-1078-A01-1122-A01-1166-A01-1210-A01-1254-A01-1298-A-770-A-814-A01-858-A01-902-A01-946-C40-985-A-986-A01-987-A01-988-A01-989-C40-991-C40-992-A01-993-A01-994-A01-995-A01-996-A-,10,26,56507
1,18,20,1.0,0.9166666666666666,0.10078180081645664,0.0,1.0,0.6666666666666666,0.2631578947368421,0.2236842105263158,0.12765694770084507,4,0.0,0.9473684210526316,0.8,0.72,0.9411764705882353,0.625,0.88,0.8,0.9411764705882353,0.75,0.15151515151515152,1.0,0.25161290322580643,20|1034-C40-1038-A-1078-A01-1122-A01-1166-A01-1210-A01-1254-A-770-A-814-A01-858-A01-902-A01-946-C40-950-A-986-A-987-A01-988-A01-989-C40-991-C40-992-A01-993-A01-994-B011121-995-A01-996-A-,10,26,56508
0,19,20,1.0,0.9230769230769231,0.45782415265613646,0.0,1.0,0.8333333333333334,0.47368421052631576,0.25,0.5799105933644395,4,0.0,1.0,0.96,0.4,0.5,0.5333333333333333,0.96,0.4,0.5,0.5333333333333333,0.1282051282051282,1.0,0.2154696132596685,20|1034-C40-1078-A01-1122-A01-1166-A01-1210-A01-1254-A01-1298-A01-1342-A01-1386-A01-1430-A-902-A-946-C40-988-A-989-C40-991-C40-992-A01-993-A01-994-A01-995-A01-996-A01-997-A01-998-A01-999-A-,10,26,56509
0,19,20,1.0,0.9230769230769231,0.10078180081645664,0.0,1.0,0.8333333333333334,0.3157894736842105,0.25,0.12765694770084507,4,0.0,1.0,0.96,0.88,0.875,0.9333333333333333,0.96,0.88,0.875,0.9333333333333333,0.1282051282051282,1.0,0.2154696132596685,20|1034-C40-1078-A01-1122-A01-1166-A01-1210-A01-1254-A01-1298-A-770-A-814-A01-858-A01-902-A01-946-C40-985-A-986-A01-987-A01-988-A01-989-C40-991-C40-992-A01-993-A01-994-A01-995-A01-996-A-,10,26,56510
3,16,20,1.0,0.8333333333333334,0.08594700851870801,0.3333333333333333,0.5,0.7222222222222222,0.3157894736842105,0.23684210526315788,0.17213259316477408,4,0.0,0.8421052631578947,0.8,0.8,0.7777777777777778,0.75,0.8,0.8,0.7777777777777778,0.75,0.16666666666666666,0.25,0.2746478873239437,20|1034-C40-1039-A-1078-A01-1122-A00-1166-A01-1208-A-1209-A00-1210-B0020-1254-A-770-B-814-A01-858-A00-902-A01-946-C40-986-A-987-A00-988-A01-989-C40-991-C40-992-A01-993-A00-994-A01-995-B20-,10,26,56511
5,14,20,1.0,0.9090909090909091,0.05263157894736842,0.5,0.35714285714285715,0.7222222222222222,0.2631578947368421,0.23684210526315788,0.0769800358919501,4,0.1111111111111111,0.7368421052631579,0.8,0.56,0.5882352941176471,0.5555555555555556,0.8,0.8,0.7058823529411765,0.7777777777777778,0.18181818181818182,0.16666666666666666,0.29770992366412213,20|1034-C40-1078-A01-1122-A01-1166-A00-1209-A-1210-B21-814-B21-815-A-858-A01-898-B-902-A01-942-A01-946-C40-985-A-986-B0121-987-A01-988-A01-989-C40-991-C40-992-A01-993-A01-994-A00-995-B-,10,26,56512
0,19,20,1.0,0.9230769230769231,0.10078180081645664,0.0,1.0,0.8333333333333334,0.3157894736842105,0.25,0.12765694770084507,4,0.0,1.0,0.96,0.88,0.875,0.9333333333333333,0.96,0.88,0.875,0.9333333333333333,0.1282051282051282,1.0,0.2154696132596685,20|1034-C40-1078-A01-1122-A01-1166-A01-1210-A01-1254-A01-1298-A-770-A-814-A01-858-A01-902-A01-946-C40-985-A-986-A01-987-A01-988-A01-989-C40-991-C40-992-A01-993-A01-994-A01-995-A01-996-A-,10,26,56513
2,17,20,1.0,0.8333333333333334,0.19218335351058463,0.5,0.75,0.6666666666666666,0.3684210526315789,0.2236842105263158,0.2956474376811127,4,0.0,0.8947368421052632,0.56,0.72,0.5555555555555556,0.75,0.64,0.8,0.6666666666666666,0.75,0.16666666666666666,0.6666666666666666,0.2746478873239437,20|1034-C41-1078-A01-1122-A00-1166-B-682-A-724-A-725-A00-726-B001020-727-A-770-A01-814-A01-858-A01-902-A00-946-C41-987-A-988-A00-989-C40-991-C41-992-A00-993-A00-994-A01-995-A01-996-A-,10,26,56514
0,19,20,1.0,0.9230769230769231,0.10078180081645664,0.0,1.0,0.8333333333333334,0.3157894736842105,0.25,0.12765694770084507,4,0.0,1.0,0.96,0.88,0.875,0.9333333333333333,0.96,0.88,0.875,0.9333333333333333,0.1282051282051282,1.0,0.2154696132596685,20|1034-C40-1078-A01-1122-A00-1166-A01-1210-A00-1254-A01-1298-A-770-A-814-A01-858-A00-902-A01-946-C40-985-A-986-A01-987-A00-988-A01-989-C40-991-C40-992-A01-993-A00-994-A01-995-A00-996-A-,10,26,56515
0,19,20,1.0,0.9230769230769231,0.10078180081645664,0.0,1.0,0.8333333333333334,0.3157894736842105,0.25,0.12765694770084507,4,0.0,1.0,0.96,0.88,0.875,0.9333333333333333,0.96,0.88,0.875,0.9333333333333333,0.1282051282051282,1.0,0.2154696132596685,20|1034-C40-1078-A00-1122-A00-1166-A00-1210-A00-1254-A00-1298-A-770-A-814-A00-858-A00-902-A00-946-C40-985-A-986-A00-987-A00-988-A00-989-C40-991-C40-992-A00-993-A00-994-A00-995-A00-996-A-,10,26,56516
0,19,20,1.0,0.9230769230769231,0.10078180081645664,0.0,1.0,0.8333333333333334,0.3157894736842105,0.25,0.12765694770084507,4,0.0,1.0,0.96,0.88,0.875,0.9333333333333333,0.96,0.88,0.875,0.9333333333333333,0.1282051282051282,1.0,0.2154696132596685,20|1034-C40-1078-A00-1122-A00-1166-A00-1210-A01-1254-A01-1298-A-770-A-814-A01-858-A00-902-A00-946-C40-985-A-986-A01-987-A00-988-A00-989-C40-991-C40-992-A00-993-A00-994-A01-995-A01-996-A-,10,26,56517
4,15,20,1.0,0.8333333333333334,0.08594700851870801,0.5,0.5,0.6666666666666666,0.2631578947368421,0.2236842105263158,0.12765694770084507,4,0.1111111111111111,0.7894736842105263,0.64,0.72,0.7777777777777778,0.625,0.8,0.8,0.8888888888888888,0.75,0.16666666666666666,0.4,0.2746478873239437,20|1034-C40-1038-A01-1078-A01-1082-B-1122-A01-1166-A00-1210-B00-1254-B-770-A-814-A01-858-A01-902-A01-946-C40-950-A-986-A-987-A01-988-A01-989-C40-991-C40-992-A01-993-A01-994-B011121-995-A-,10,26,56518
0,19,20,1.0,0.9230769230769231,0.10078180081645664,0.0,1.0,0.8333333333333334,0.3157894736842105,0.25,0.12765694770084507,4,0.0,1.0,0.96,0.88,0.875,0.9333333333333333,0.96,0.88,0.875,0.9333333333333333,0.1282051282051282,1.0,0.2154696132596685,20|1034-C40-1078-A01-1122-A01-1166-A01-1210-A01-1254-A01-1298-A-770-A-814-A01-858-A01-902-A01-946-C40-985-A-986-A01-987-A01-988-A01-989-C40-991-C40-992-A01-993-A01-994-A01-995-A01-996-A-,10,26,56519
11,8,20,1.0,0.9090909090909091,0.10078180081645664,1.0,0.5714285714285714,0.4444444444444444,0.2631578947368421,0.19736842105263158,0.12765694770084507,4,0.0,0.42105263157894735,0.88,0.72,0.6666666666666666,0.8235294117647058,0.88,0.72,0.6666666666666666,0.8235294117647058,0.18181818181818182,0.3333333333333333,0.29770992366412213,20|1034-C40-1038-B-1078-A01-1122-A01-1165-B-1166-B001020-1167-B-1209-B-1210-B0020-1254-B-814-B-858-A01-902-A01-946-C40-986-B-987-A01-988-A01-989-C40-991-C40-992-A01-993-A01-994-B0020-995-B-,10,26,56520
0,19,20,1.0,0.9230769230769231,0.05263157894736842,0.0,1.0,0.8333333333333334,0.2631578947368421,0.25,0.06666666666666667,4,0.0,1.0,0.96,0.96,1.0,0.9333333333333333,0.96,0.96,1.0,0.9333333333333333,0.1282051282051282,1.0,0.2154696132596685,20|1034-C40-1078-A01-1122-A01-1166-A01-1210-A01-1254-A-726-A-770-A01-814-A01-858-A01-902-A01-946-C40-985-A-986-A01-987-A01-988-A01-989-C40-991-C40-992-A01-993-A01-994-A01-995-A01-996-A-,10,26,56521
2,17,20,1.0,0.8461538461538461,0.13589415249850587,0.0,0.625,0.7222222222222222,0.3157894736842105,0.23684210526315788,0.17213259316477408,4,0.0,0.8947368421052632,0.8,0.72,0.8,0.7058823529411765,0.8,0.88,0.8,0.8235294117647058,0.13986013986013987,0.3333333333333333,0.23353293413173654,20|1034-C40-1078-A01-1122-A00-1166-A01-1210-A01-1254-A-814-A-858-A00-902-A01-941-A-946-C40-983-A-984-B01-985-B0021-986-A00-987-A01-988-A01-989-C40-991-C40-992-A01-993-A00-994-A01-995-A-,10,26,56522
1,18,20,1.0,0.9230769230769231,0.10078180081645664,1.0,0.6666666666666666,0.8333333333333334,0.3157894736842105,0.25,0.12765694770084507,4,0.0,0.9473684210526316,0.96,0.88,0.9333333333333333,0.875,0.96,0.88,0.9333333333333333,0.875,0.1282051282051282,0.5,0.2154696132596685,20|1034-C40-1078-A01-1122-A01-1166-A01-1210-A01-1254-A-770-A-814-A01-858-A01-902-A01-946-C40-985-A-986-A01-987-A01-988-A01-989-C40-991-C40-992-A01-993-A01-994-A01-995-A01-996-A00-997-B-,10,26,56523
0,19,20,1.0,0.9230769230769231,0.10078180081645664,0.0,1.0,0.8333333333333334,0.3157894736842105,0.25,0.12765694770084507,4,0.0,1.0,0.96,0.88,0.875,0.9333333333333333,0.96,0.88,0.875,0.9333333333333333,0.1282051282051282,1.0,0.2154696132596685,20|1034-C40-1078-A01-1122-A01-1166-A01-1210-A01-1254-A01-1298-A-770-A-814-A01-858-A01-902-A01-946-C40-985-A-986-A01-987-A01-988-A01-989-C40-991-C40-992-A01-993-A01-994-A01-995-A01-996-A-,10,26,56524
4,15,20,1.0,0.9090909090909091,0.10078180081645664,0.25,0.5833333333333334,0.5555555555555556,0.2631578947368421,0.19736842105263158,0.12765694770084507,4,0.1111111111111111,0.7894736842105263,0.64,0.56,0.7777777777777778,0.47058823529411764,0.8,0.72,0.7777777777777778,0.7058823529411765,0.18181818181818182,0.4,0.29770992366412213,20|1034-C40-1037-B-1078-A01-1122-A01-1166-A01-1210-A01-1254-A-814-A-858-A01-902-A01-946-C40-948-A-949-B21-950-A-986-A-987-A01-988-A01-989-C40-991-C40-992-A00-993-B001020-994-B0121-995-A-,10,26,56525
0,16,17,0.85,1.0,0.0,0.0,1.0,0.8,0.25,0.25,0.0,4,0.0,1.0,1.0,1.0,1.0,1.0,1.0,1.0,1.0,1.0,0.14049586776859505,1.0,0.24475524475524477,17|551-A-589-A00-627-A00-665-A00-703-C40-736-A-737-A00-738-A00-739-A00-740-C40-742-C40-743-A00-744-A00-745-A00-746-A-779-C40-817-A00-855-A00-893-A00-931-A-,10,26,56526
15,4,20,1.0,1.0,0.0607737125462764,0.8181818181818182,0.6428571428571429,0.3888888888888889,0.21052631578947367,0.17105263157894737,0.12765694770084507,4,0.4444444444444444,0.21052631578947367,0.88,0.64,0.7,0.7,0.88,0.64,0.7,0.7,0.3125,0.5,0.4875,20|1034-C40-1037-B-1078-A00-1079-B-1121-B-1122-B001020-1123-B20-1165-B-1166-B1020-1167-B-857-B-858-B20-902-A00-946-C40-949-B-950-B-987-B-988-A00-989-C40-991-C40-992-A00-993-B001020-994-B20-,10,26,56527
7,12,20,1.0,0.8333333333333334,0.08594700851870801,0.6666666666666666,0.35714285714285715,0.7222222222222222,0.3157894736842105,0.23684210526315788,0.17213259316477408,4,0.0,0.631578947368421,0.8,0.8,0.7777777777777778,0.75,0.8,0.8,0.7777777777777778,0.75,0.16666666666666666,0.16666666666666666,0.2746478873239437,20|1034-C40-1039-B-1078-A01-1122-A01-1166-A00-1208-B-1209-B00-1210-B0020-1254-B-770-B-814-A00-858-A01-902-A01-946-C40-986-A-987-A01-988-A01-989-C40-991-C40-992-A01-993-A01-994-A00-995-B20-,10,26,56528
9,10,20,1.0,0.8333333333333334,0.08594700851870801,0.8571428571428571,0.5,0.5555555555555556,0.2631578947368421,0.21052631578947367,0.10886621079036347,4,0.0,0.5263157894736842,0.88,0.64,0.6666666666666666,0.75,0.88,0.8,0.7777777777777778,0.875,0.16666666666666666,0.3333333333333333,0.2746478873239437,20|1030-B-1034-C40-1078-A01-1122-A01-1166-A00-1210-B-726-B-770-B00-813-B-814-B001020-815-B-858-A01-902-A01-946-C40-985-B-986-B0010-987-A01-988-A01-989-C40-991-C40-992-A01-993-A01-994-A-,10,26,56529
0,19,20,1.0,0.9230769230769231,0.10078180081645664,0.0,1.0,0.8333333333333334,0.3157894736842105,0.25,0.12765694770084507,4,0.0,1.0,0.96,0.88,0.875,0.9333333333333333,0.96,0.88,0.875,0.9333333333333333,0.1282051282051282,1.0,0.2154696132596685,20|1034-C40-1078-A01-1122-A01-1166-A01-1210-A01-1254-A01-1298-A-770-A-814-A01-858-A01-902-A01-946-C40-985-A-986-A01-987-A01-988-A01-989-C40-991-C40-992-A01-993-A01-994-A01-995-A01-996-A-,10,26,56530
3,16,20,1.0,0.9230769230769231,0.10078180081645664,1.0,0.4,0.8333333333333334,0.3157894736842105,0.25,0.12765694770084507,4,0.0,0.8421052631578947,0.8,0.8,0.875,0.8,0.96,0.88,0.875,0.9333333333333333,0.1282051282051282,0.25,0.2154696132596685,20|1034-C40-1078-A01-1122-A01-1166-A01-1210-A01-1254-A00-1298-B-770-A-814-A01-858-A01-902-A01-946-C40-985-B-986-A00-987-A01-988-A01-989-C40-991-C40-992-A01-993-A01-994-A01-995-A01-996-B-,10,26,56531
0,19,20,1.0,0.9230769230769231,0.05263157894736842,0.0,1.0,0.8333333333333334,0.2631578947368421,0.25,0.06666666666666667,4,0.0,1.0,0.96,0.96,1.0,0.9333333333333333,0.96,0.96,1.0,0.9333333333333333,0.1282051282051282,1.0,0.2154696132596685,20|1034-C40-1078-A01-1122-A01-1166-A01-1210-A01-1254-A-726-A-770-A01-814-A01-858-A01-902-A01-946-C40-985-A-986-A01-987-A01-988-A01-989-C40-991-C40-992-A01-993-A01-994-A01-995-A01-996-A-,10,26,56532
0,19,20,1.0,0.9230769230769231,0.10078180081645664,0.0,1.0,0.8333333333333334,0.3157894736842105,0.25,0.12765694770084507,4,0.0,1.0,0.96,0.88,0.875,0.9333333333333333,0.96,0.88,0.875,0.9333333333333333,0.1282051282051282,1.0,0.2154696132596685,20|1034-C40-1078-A01-1122-A01-1166-A01-1210-A01-1254-A01-1298-A-770-A-814-A01-858-A01-902-A01-946-C40-985-A-986-A01-987-A01-988-A01-989-C40-991-C40-992-A01-993-A01-994-A01-995-A01-996-A-,10,26,56533
2,17,20,1.0,0.9230769230769231,0.10078180081645664,1.0,0.5,0.8333333333333334,0.3157894736842105,0.25,0.12765694770084507,4,0.0,0.8947368421052632,0.88,0.8,0.875,0.8,0.96,0.88,0.875,0.9333333333333333,0.1282051282051282,0.3333333333333333,0.2154696132596685,20|1034-C40-1078-A01-1122-A01-1166-A01-1210-A01-1254-A00-1298-B-770-A-814-A01-858-A01-902-A01-946-C40-985-B-986-A00-987-A01-988-A01-989-C40-991-C40-992-A01-993-A01-994-A01-995-A01-996-A-,10,26,56534
0,19,20,1.0,0.9230769230769231,0.05263157894736842,0.0,1.0,0.8333333333333334,0.2631578947368421,0.25,0.06666666666666667,4,0.0,1.0,0.96,0.96,0.9333333333333333,1.0,0.96,0.96,0.9333333333333333,1.0,0.1282051282051282,1.0,0.2154696132596685,20|1034-C40-1078-A00-1122-A00-1166-A00-1210-A00-1254-A-770-A-814-A00-858-A00-902-A00-946-C40-984-A-985-A00-986-A00-987-A00-988-A00-989-C40-991-C40-992-A00-993-A00-994-A00-995-A00-996-A-,10,26,56535
0,19,20,1.0,0.9230769230769231,0.10078180081645664,0.0,1.0,0.8333333333333334,0.3157894736842105,0.25,0.12765694770084507,4,0.0,1.0,0.96,0.88,0.875,0.9333333333333333,0.96,0.88,0.875,0.9333333333333333,0.1282051282051282,1.0,0.2154696132596685,20|1034-C40-1078-A01-1122-A01-1166-A01-1210-A01-1254-A01-1298-A-770-A-814-A01-858-A01-902-A01-946-C40-985-A-986-A01-987-A01-988-A01-989-C40-991-C40-992-A01-993-A01-994-A01-995-A01-996-A-,10,26,56536
1,18,20,1.0,0.9230769230769231,0.10078180081645664,1.0,0.6666666666666666,0.8333333333333334,0.3157894736842105,0.25,0.12765694770084507,4,0.0,0.9473684210526316,0.96,0.88,0.875,0.9333333333333333,0.96,0.88,0.875,0.9333333333333333,0.1282051282051282,0.5,0.2154696132596685,20|1034-C40-1078-A01-1122-A01-1166-A01-1210-A01-1254-A00-1298-B-770-A-814-A01-858-A01-902-A01-946-C40-985-A-986-A01-987-A01-988-A01-989-C40-991-C40-992-A01-993-A01-994-A01-995-A01-996-A-,10,26,56537
2,17,20,1.0,0.7857142857142857,0.19925994195790434,1.0,0.5,0.8333333333333334,0.3157894736842105,0.25,0.25239592648001213,4,0.0,0.8947368421052632,0.88,0.8,0.9411764705882353,0.7142857142857143,0.88,0.8,0.9411764705882353,0.7142857142857143,0.12987012987012986,0.3333333333333333,0.21787709497206703,20|1034-C40-1078-A01-1122-A01-1166-A01-1210-A01-1254-A00-1298-B-726-A-770-A01-814-A01-858-A01-902-A01-946-C40-987-A-988-A01-989-C40-991-C40-992-A01-993-A01-994-A01-995-A01-996-A00-997-B-,10,26,56538
0,19,20,1.0,0.9230769230769231,0.10078180081645664,0.0,1.0,0.8333333333333334,0.3157894736842105,0.25,0.12765694770084507,4,0.0,1.0,0.96,0.88,0.875,0.9333333333333333,0.96,0.88,0.875,0.9333333333333333,0.1282051282051282,1.0,0.2154696132596685,20|1034-C40-1078-A01-1122-A00-1166-A01-1210-A01-1254-A01-1298-A-770-A-814-A01-858-A00-902-A01-946-C40-985-A-986-A01-987-A00-988-A01-989-C40-991-C40-992-A01-993-A00-994-A01-995-A01-996-A-,10,26,56539
0,19,20,1.0,0.9230769230769231,0.10078180081645664,0.0,1.0,0.8333333333333334,0.3157894736842105,0.25,0.12765694770084507,4,0.0,1.0,0.96,0.88,0.875,0.9333333333333333,0.96,0.88,0.875,0.9333333333333333,0.1282051282051282,1.0,0.2154696132596685,20|1034-C40-1078-A01-1122-A01-1166-A01-1210-A01-1254-A01-1298-A-770-A-814-A01-858-A01-902-A01-946-C40-985-A-986-A01-987-A01-988-A01-989-C40-991-C40-992-A01-993-A01-994-A01-995-A01-996-A-,10,26,56540
10,9,20,1.0,0.9,0.05263157894736842,0.75,0.5714285714285714,0.4444444444444444,0.21052631578947367,0.18421052631578946,0.0769800358919501,4,0.2222222222222222,0.4736842105263158,0.72,0.48,0.42105263157894735,0.6666666666666666,0.8,0.72,0.631578947368421,0.7777777777777778,0.2222222222222222,0.3333333333333333,0.3577981651376147,20|1031-B-1034-C40-1078-A01-1122-A01-1166-A00-1210-B-813-B-814-B20-856-A-857-B0020-858-B001020-859-B-901-A-902-A00-946-C40-986-B-987-B0020-988-A00-989-C40-991-C40-992-A01-993-A01-994-B-,10,26,56541
4,15,20,1.0,0.8333333333333334,0.08594700851870801,0.5,0.4166666666666667,0.7222222222222222,0.3157894736842105,0.23684210526315788,0.17213259316477408,4,0.1111111111111111,0.7894736842105263,0.8,0.8,0.7777777777777778,0.75,0.8,0.8,0.7777777777777778,0.75,0.16666666666666666,0.2,0.2746478873239437,20|1034-C40-1039-A-1078-A01-1122-A01-1166-A00-1208-B-1209-A01-1210-B0121-1254-A-770-B-814-A00-858-A01-902-A01-946-C40-986-A-987-A01-988-A01-989-C40-991-C40-992-A01-993-A01-994-A00-995-B21-,10,26,56542
5,14,20,1.0,0.8888888888888888,0.10078180081645664,0.5,0.5714285714285714,0.5,0.2631578947368421,0.18421052631578946,0.17213259316477408,4,0.4444444444444444,0.7368421052631579,0.8333333333333334,0.64,0.7,0.631578947368421,0.8333333333333334,0.64,0.7,0.631578947368421,0.2777777777777778,0.5,0.43820224719101125,20|1034-C40-1037-A-1078-A00-1121-A-1122-B011121-1123-A01-1124-A00-1125-B-1166-A01-1210-A-857-A-858-B21-902-A00-905-A-946-C40-949-A01-987-B-988-A00-989-C40-991-C40-992-A00-993-B011121-994-A-,10,26,56543
0,19,20,1.0,0.9230769230769231,0.10078180081645664,0.0,1.0,0.8333333333333334,0.3157894736842105,0.25,0.12765694770084507,4,0.0,1.0,0.96,0.88,0.875,0.9333333333333333,0.96,0.88,0.875,0.9333333333333333,0.1282051282051282,1.0,0.2154696132596685,20|1034-C40-1078-A01-1122-A01-1166-A01-1210-A01-1254-A01-1298-A-770-A-814-A01-858-A01-902-A01-946-C40-985-A-986-A01-987-A01-988-A01-989-C40-991-C40-992-A01-993-A01-994-A01-995-A01-996-A-,10,26,56544
12,7,20,1.0,0.9090909090909091,0.05263157894736842,0.8888888888888888,0.5714285714285714,0.5,0.21052631578947367,0.19736842105263158,0.06666666666666667,4,0.1111111111111111,0.368421052631579,0.88,0.72,0.8888888888888888,0.7058823529411765,0.96,0.8,0.8888888888888888,0.8235294117647058,0.18181818181818182,0.5,0.29770992366412213,20|1034-C40-1038-B-1078-A01-1122-A01-1165-B-1166-B001020-1167-B-1210-B-770-B-814-B00-858-A01-902-A01-946-C40-950-B-986-B-987-B00-988-A00-989-C40-991-C40-992-A01-993-A01-994-B001020-995-B-,10,26,56545
2,17,20,1.0,0.8461538461538461,0.13589415249850587,0.5,0.625,0.7222222222222222,0.3157894736842105,0.23684210526315788,0.17213259316477408,4,0.0,0.8947368421052632,0.88,0.8,0.8235294117647058,0.8,0.88,0.8,0.8235294117647058,0.8,0.13986013986013987,0.3333333333333333,0.23353293413173654,20|1034-C40-1078-A01-1122-A01-1166-A01-1210-A01-1254-B0121-1255-A-1298-A-770-A-814-A01-858-A01-902-A01-946-C40-986-A-987-A01-988-A01-989-C40-991-C40-992-A01-993-A01-994-A01-995-A01-996-B-,10,26,56546
0,19,20,1.0,0.9230769230769231,0.10078180081645664,0.0,1.0,0.8333333333333334,0.3157894736842105,0.25,0.12765694770084507,4,0.0,1.0,0.96,0.88,0.875,0.9333333333333333,0.96,0.88,0.875,0.9333333333333333,0.1282051282051282,1.0,0.2154696132596685,20|1034-C40-1078-A01-1122-A01-1166-A01-1210-A01-1254-A01-1298-A-770-A-814-A01-858-A01-902-A01-946-C40-985-A-986-A01-987-A01-988-A01-989-C40-991-C40-992-A01-993-A01-994-A01-995-A01-996-A-,10,26,56547
0,19,20,1.0,0.9230769230769231,0.10078180081645664,0.0,1.0,0.8333333333333334,0.3157894736842105,0.25,0.12765694770084507,4,0.0,1.0,0.96,0.88,0.875,0.9333333333333333,0.96,0.88,0.875,0.9333333333333333,0.1282051282051282,1.0,0.2154696132596685,20|1034-C40-1078-A01-1122-A01-1166-A01-1210-A01-1254-A01-1298-A-770-A-814-A01-858-A01-902-A01-946-C40-985-A-986-A01-987-A01-988-A01-989-C40-991-C40-992-A01-993-A01-994-A01-995-A01-996-A-,10,26,56548
1,18,20,1.0,0.9230769230769231,0.10078180081645664,1.0,0.6666666666666666,0.8333333333333334,0.3157894736842105,0.25,0.12765694770084507,4,0.0,0.9473684210526316,0.88,0.8,0.875,0.8,0.96,0.88,0.875,0.9333333333333333,0.1282051282051282,0.5,0.2154696132596685,20|1034-C40-1078-A01-1122-A01-1166-A01-1210-A01-1254-A01-1298-A-770-A-814-A01-858-A01-902-A01-946-C40-985-B-986-A00-987-A01-988-A01-989-C40-991-C40-992-A01-993-A01-994-A01-995-A01-996-A-,10,26,56549
0,19,20,1.0,0.9230769230769231,0.05263157894736842,0.0,1.0,0.8333333333333334,0.2631578947368421,0.25,0.06666666666666667,4,0.0,1.0,0.96,0.96,1.0,0.9333333333333333,0.96,0.96,1.0,0.9333333333333333,0.1282051282051282,1.0,0.2154696132596685,20|1034-C40-1078-A01-1122-A01-1166-A01-1210-A01-1254-A-726-A-770-A01-814-A01-858-A01-902-A01-946-C40-985-A-986-A01-987-A01-988-A01-989-C40-991-C40-992-A01-993-A01-994-A01-995-A01-996-A-,10,26,56550
0,19,20,1.0,0.9230769230769231,0.05263157894736842,0.0,1.0,0.8333333333333334,0.2631578947368421,0.25,0.06666666666666667,4,0.0,1.0,0.96,0.96,1.0,0.9333333333333333,0.96,0.96,1.0,0.9333333333333333,0.1282051282051282,1.0,0.2154696132596685,20|1034-C40-1078-A01-1122-A01-1166-A01-1210-A01-1254-A-726-A-770-A01-814-A01-858-A01-902-A01-946-C40-985-A-986-A01-987-A01-988-A01-989-C40-991-C40-992-A01-993-A01-994-A01-995-A01-996-A-,10,26,56551
8,11,20,1.0,0.9,0.05263157894736842,0.8333333333333334,0.5714285714285714,0.5,0.2631578947368421,0.19736842105263158,0.12765694770084507,4,0.1111111111111111,0.5789473684210527,0.5833333333333334,0.56,0.4444444444444444,0.7368421052631579,0.75,0.72,0.6666666666666666,0.7368421052631579,0.2222222222222222,0.5,0.3577981651376147,20|1034-C40-1078-A00-1079-B-1080-B-1121-B-1122-B001020-1123-B001020-1124-B20-1166-B-1167-B-814-A-858-A01-902-A01-946-C40-986-A-987-A01-988-A01-989-C40-991-C40-992-A01-993-A01-994-A01-995-A-,10,26,56552
2,17,20,1.0,0.8461538461538461,0.13589415249850587,0.5,0.625,0.7222222222222222,0.3157894736842105,0.23684210526315788,0.17213259316477408,4,0.0,0.8947368421052632,0.88,0.8,0.8235294117647058,0.8,0.88,0.8,0.8235294117647058,0.8,0.13986013986013987,0.3333333333333333,0.23353293413173654,20|1034-C40-1078-A01-1122-A01-1166-A01-1210-A01-1254-B0121-1255-A-1298-A-770-A-814-A01-858-A01-902-A01-946-C40-986-A-987-A01-988-A01-989-C40-991-C40-992-A01-993-A01-994-A01-995-A01-996-B-,10,26,56553
1,18,20,1.0,0.9230769230769231,0.33700653881225523,1.0,0.6666666666666666,0.8333333333333334,0.42105263157894735,0.25,0.42687494916218993,4,0.1111111111111111,0.9473684210526316,0.88,0.48,0.625,0.5333333333333333,0.96,0.56,0.625,0.6666666666666666,0.1282051282051282,0.5,0.2154696132596685,20|1034-C40-1078-A00-1122-A01-1166-A01-1210-A01-1254-A01-1298-A01-1342-A01-1386-A-858-A-902-A00-946-C40-987-B-988-A00-989-C40-991-C40-992-A01-993-A01-994-A01-995-A01-996-A01-997-A01-998-A-,10,26,56554
7,12,20,1.0,1.0,0.0607737125462764,0.6666666666666666,0.5,0.5555555555555556,0.2631578947368421,0.19736842105263158,0.12765694770084507,4,0.4444444444444444,0.631578947368421,0.48,0.5,0.7777777777777778,0.5555555555555556,0.8,0.75,0.7777777777777778,0.7777777777777778,0.2,0.3333333333333333,0.325,20|1031-B-1034-C40-1037-A-1078-A01-1122-A01-1166-A01-1210-A-814-A-858-A01-861-B-902-A01-905-B00-946-C40-949-A01-986-B-987-B0020-988-A00-989-C40-991-C40-992-A00-993-B011121-994-A01-995-B-,10,26,56555
0,19,20,1.0,0.9230769230769231,0.10078180081645664,0.0,1.0,0.8333333333333334,0.3157894736842105,0.25,0.12765694770084507,4,0.0,1.0,0.96,0.88,0.875,0.9333333333333333,0.96,0.88,0.875,0.9333333333333333,0.1282051282051282,1.0,0.2154696132596685,20|1034-C40-1078-A01-1122-A01-1166-A01-1210-A01-1254-A01-1298-A-770-A-814-A01-858-A01-902-A01-946-C40-985-A-986-A01-987-A01-988-A01-989-C40-991-C40-992-A01-993-A01-994-A01-995-A01-996-A-,10,26,56556
0,19,20,1.0,0.9230769230769231,0.10078180081645664,0.0,1.0,0.8333333333333334,0.3157894736842105,0.25,0.12765694770084507,4,0.0,1.0,0.96,0.88,0.875,0.9333333333333333,0.96,0.88,0.875,0.9333333333333333,0.1282051282051282,1.0,0.2154696132596685,20|1034-C40-1078-A01-1122-A01-1166-A01-1210-A01-1254-A01-1298-A-770-A-814-A01-858-A01-902-A01-946-C40-985-A-986-A01-987-A01-988-A01-989-C40-991-C40-992-A01-993-A01-994-A01-995-A01-996-A-,10,26,56557
5,14,20,1.0,0.9090909090909091,0.10078180081645664,0.75,0.5,0.5555555555555556,0.2631578947368421,0.19736842105263158,0.12765694770084507,4,0.2222222222222222,0.7368421052631579,0.64,0.56,0.5555555555555556,0.47058823529411764,0.8,0.8,0.7777777777777778,0.7058823529411765,0.18181818181818182,0.3333333333333333,0.29770992366412213,20|1034-C40-1037-A-1078-A01-1122-A01-1166-A01-1210-A01-1254-A-814-B-857-B-858-B0020-902-A00-905-A-946-C40-949-A01-986-B-987-A01-988-A01-989-C40-991-C40-992-A00-993-B011121-994-A01-995-A-,10,26,56558
0,19,20,1.0,0.9230769230769231,0.10078180081645664,0.0,1.0,0.8333333333333334,0.3157894736842105,0.25,0.12765694770084507,4,0.0,1.0,0.96,0.88,0.875,0.9333333333333333,0.96,0.88,0.875,0.9333333333333333,0.1282051282051282,1.0,0.2154696132596685,20|1034-C40-1078-A01-1122-A01-1166-A01-1210-A01-1254-A01-1298-A-770-A-814-A01-858-A01-902-A01-946-C40-985-A-986-A01-987-A01-988-A01-989-C40-991-C40-992-A01-993-A01-994-A01-995-A01-996-A-,10,26,56559
3,16,20,1.0,0.9090909090909091,0.10078180081645664,0.3333333333333333,0.7,0.5555555555555556,0.2631578947368421,0.19736842105263158,0.12765694770084507,4,0.0,0.8421052631578947,0.8,0.64,0.6666666666666666,0.7058823529411765,0.88,0.72,0.6666666666666666,0.8235294117647058,0.18181818181818182,0.5,0.29770992366412213,20|1034-C40-1038-A-1078-A01-1122-A01-1164-A-1165-A01-1166-B011121-1167-A-1210-A01-1254-A-814-B-858-A01-902-A01-946-C40-986-A-987-A01-988-A01-989-C40-991-C40-992-A01-993-A01-994-B0121-995-A-,10,26,56560
0,19,20,1.0,0.9230769230769231,0.10078180081645664,0.0,1.0,0.8333333333333334,0.3157894736842105,0.25,0.12765694770084507,4,0.0,1.0,0.96,0.88,0.875,0.9333333333333333,0.96,0.88,0.875,0.9333333333333333,0.1282051282051282,1.0,0.2154696132596685,20|1034-C40-1078-A01-1122-A01-1166-A01-1210-A01-1254-A01-1298-A-770-A-814-A01-858-A01-902-A01-946-C40-985-A-986-A01-987-A01-988-A01-989-C40-991-C40-992-A01-993-A01-994-A01-995-A01-996-A-,10,26,56561
0,19,20,1.0,0.9230769230769231,0.10078180081645664,0.0,1.0,0.8333333333333334,0.3157894736842105,0.25,0.12765694770084507,4,0.0,1.0,0.96,0.88,0.875,0.9333333333333333,0.96,0.88,0.875,0.9333333333333333,0.1282051282051282,1.0,0.2154696132596685,20|1034-C40-1078-A00-1122-A00-1166-A00-1210-A00-1254-A00-1298-A-770-A-814-A00-858-A00-902-A00-946-C40-985-A-986-A00-987-A00-988-A00-989-C40-991-C40-992-A00-993-A00-994-A00-995-A00-996-A-,10,26,56562
8,11,20,1.0,0.8888888888888888,0.10078180081645664,0.5,0.6428571428571429,0.3888888888888889,0.2631578947368421,0.17105263157894737,0.2,4,0.1111111111111111,0.5789473684210527,0.64,0.48,0.4,0.631578947368421,0.72,0.56,0.5,0.7368421052631579,0.2777777777777778,0.5,0.43820224719101125,20|1034-C40-1038-B-1078-A00-1079-A-1121-B-1122-B001020-1123-B0121-1124-A-1165-A-1166-B011120-1167-B00-1168-B-1210-A-858-A-902-A01-946-C40-987-A-988-A01-989-C41-991-C40-992-A01-993-A01-994-B20-,10,26,56563
2,17,20,1.0,0.8461538461538461,0.13589415249850587,0.5,0.625,0.7222222222222222,0.3157894736842105,0.23684210526315788,0.17213259316477408,4,0.0,0.8947368421052632,0.88,0.8,0.8235294117647058,0.8,0.88,0.8,0.8235294117647058,0.8,0.13986013986013987,0.3333333333333333,0.23353293413173654,20|1034-C40-1078-A01-1122-A01-1166-A01-1210-A01-1254-B0121-1255-A-1298-A-770-A-814-A01-858-A01-902-A01-946-C40-986-A-987-A01-988-A01-989-C40-991-C40-992-A01-993-A01-994-A01-995-A01-996-B-,10,26,56564
9,10,20,1.0,0.8181818181818182,0.13589415249850587,0.7142857142857143,0.5714285714285714,0.4444444444444444,0.2631578947368421,0.18421052631578946,0.17213259316477408,4,0.1111111111111111,0.5263157894736842,0.72,0.56,0.631578947368421,0.7058823529411765,0.8,0.64,0.631578947368421,0.8235294117647058,0.20202020202020202,0.3333333333333333,0.3277310924369748,20|1034-C40-1078-A01-1122-A01-1165-B-1166-B001020-1167-B21-1209-A-1210-B0121-1211-A-1254-A-814-B-858-A01-902-A01-946-C40-950-B-987-B-988-A00-989-C40-991-C40-992-A01-993-A01-994-B0010-995-B-,10,26,56565
4,15,20,1.0,0.9090909090909091,0.10078180081645664,0.5,0.5833333333333334,0.5555555555555556,0.2631578947368421,0.19736842105263158,0.12765694770084507,4,0.0,0.7894736842105263,0.88,0.72,0.6666666666666666,0.8235294117647058,0.88,0.72,0.6666666666666666,0.8235294117647058,0.18181818181818182,0.4,0.29770992366412213,20|1034-C40-1038-A-1078-A01-1122-A01-1164-A-1165-A01-1166-B011121-1167-A-1210-A01-1254-A-814-B-858-A01-902-A01-946-C40-986-B-987-A01-988-A01-989-C40-991-C40-992-A01-993-A01-994-B0121-995-A-,10,26,56566
10,9,20,1.0,0.8181818181818182,0.13589415249850587,0.75,0.5714285714285714,0.4444444444444444,0.2631578947368421,0.18421052631578946,0.17213259316477408,4,0.1111111111111111,0.4736842105263158,0.72,0.56,0.631578947368421,0.5882352941176471,0.8,0.64,0.631578947368421,0.7058823529411765,0.20202020202020202,0.3333333333333333,0.3277310924369748,20|1034-C40-1078-A01-1122-A01-1123-B-1165-B-1166-B001020-1167-B10-1209-A-1210-B0121-1254-A-814-B-858-A01-902-A01-946-C40-950-B-987-B-988-A00-989-C40-991-C40-992-A01-993-A01-994-B0010-995-B-,10,26,56567
3,16,20,1.0,0.8333333333333334,0.08594700851870801,0.3333333333333333,0.5,0.7222222222222222,0.3157894736842105,0.23684210526315788,0.17213259316477408,4,0.0,0.8421052631578947,0.8,0.8,0.7777777777777778,0.75,0.8,0.8,0.7777777777777778,0.75,0.16666666666666666,0.25,0.2746478873239437,20|1034-C40-1039-A-1078-A01-1122-A01-1166-A00-1208-A-1209-A01-1210-B0121-1254-A-770-B-814-A00-858-A01-902-A01-946-C40-986-A-987-A01-988-A01-989-C40-991-C40-992-A01-993-A01-994-A00-995-B21-,10,26,56568
9,10,20,1.0,0.8333333333333334,0.14886458551295736,0.8571428571428571,0.42857142857142855,0.6666666666666666,0.2631578947368421,0.2236842105263158,0.12765694770084507,4,0.1111111111111111,0.5263157894736842,0.72,0.64,0.7777777777777778,0.625,0.8,0.72,0.7777777777777778,0.75,0.16666666666666666,0.3333333333333333,0.2746478873239437,20|1031-B-1034-C40-1078-A01-1122-A01-1166-A00-1209-B-1210-B001020-1211-B-1254-B-770-B-814-A00-858-A01-902-A01-946-C40-987-B20-988-A00-989-C40-991-C40-992-A01-993-A01-994-A00-995-B00-996-B-,10,26,56569
10,9,20,1.0,0.8181818181818182,0.13589415249850587,0.75,0.5714285714285714,0.4444444444444444,0.2631578947368421,0.18421052631578946,0.17213259316477408,4,0.0,0.4736842105263158,0.8,0.64,0.631578947368421,0.7058823529411765,0.8,0.64,0.631578947368421,0.7058823529411765,0.20202020202020202,0.3333333333333333,0.3277310924369748,20|1034-C40-1038-B-1078-A01-1121-A-1122-A01-1165-B21-1166-B001020-1167-B-1209-B-1210-B0020-1254-B-814-B-858-A01-902-A01-946-C40-987-A-988-A01-989-C40-991-C40-992-A01-993-A01-994-B0020-995-B-,10,26,56570
0,19,20,1.0,0.9230769230769231,0.10078180081645664,0.0,1.0,0.8333333333333334,0.3157894736842105,0.25,0.12765694770084507,4,0.0,1.0,0.96,0.88,0.875,0.9333333333333333,0.96,0.88,0.875,0.9333333333333333,0.1282051282051282,1.0,0.2154696132596685,20|1034-C40-1078-A01-1122-A01-1166-A01-1210-A01-1254-A01-1298-A-770-A-814-A01-858-A01-902-A01-946-C40-985-A-986-A01-987-A01-988-A01-989-C40-991-C40-992-A01-993-A01-994-A01-995-A01-996-A-,10,26,56571
0,19,20,1.0,0.9230769230769231,0.10078180081645664,0.0,1.0,0.8333333333333334,0.3157894736842105,0.25,0.12765694770084507,4,0.0,1.0,0.96,0.88,0.875,0.9333333333333333,0.96,0.88,0.875,0.9333333333333333,0.1282051282051282,1.0,0.2154696132596685,20|1034-C40-1078-A01-1122-A01-1166-A01-1210-A01-1254-A01-1298-A-770-A-814-A01-858-A01-902-A01-946-C40-985-A-986-A01-987-A01-988-A01-989-C40-991-C40-992-A01-993-A01-994-A01-995-A01-996-A-,10,26,56572
0,19,20,1.0,0.9230769230769231,0.10078180081645664,0.0,1.0,0.8333333333333334,0.3157894736842105,0.25,0.12765694770084507,4,0.0,1.0,0.96,0.88,0.875,0.9333333333333333,0.96,0.88,0.875,0.9333333333333333,0.1282051282051282,1.0,0.2154696132596685,20|1034-C40-1078-A01-1122-A01-1166-A01-1210-A01-1254-A01-1298-A-770-A-814-A01-858-A01-902-A01-946-C40-985-A-986-A01-987-A01-988-A01-989-C40-991-C40-992-A01-993-A01-994-A01-995-A01-996-A-,10,26,56573
1,18,20,1.0,0.9230769230769231,0.10078180081645664,1.0,0.6666666666666666,0.8333333333333334,0.3157894736842105,0.25,0.12765694770084507,4,0.0,0.9473684210526316,0.96,0.88,0.875,0.9333333333333333,0.96,0.88,0.875,0.9333333333333333,0.1282051282051282,0.5,0.2154696132596685,20|1034-C40-1078-A01-1122-A00-1166-A01-1210-A01-1254-A01-1298-B-770-A-814-A01-858-A00-902-A01-946-C40-985-A-986-A01-987-A00-988-A01-989-C40-991-C40-992-A01-993-A00-994-A01-995-A01-996-A-,10,26,56574
0,19,20,1.0,0.9230769230769231,0.10078180081645664,0.0,1.0,0.8333333333333334,0.3157894736842105,0.25,0.12765694770084507,4,0.0,1.0,0.96,0.88,0.875,0.9333333333333333,0.96,0.88,0.875,0.9333333333333333,0.1282051282051282,1.0,0.2154696132596685,20|1034-C40-1078-A00-1122-A00-1166-A00-1210-A00-1254-A00-1298-A-770-A-814-A00-858-A00-902-A00-946-C40-985-A-986-A00-987-A00-988-A00-989-C40-991-C40-992-A00-993-A00-994-A00-995-A00-996-A-,10,26,56575
0,19,20,1.0,0.9230769230769231,0.10078180081645664,0.0,1.0,0.8333333333333334,0.3157894736842105,0.25,0.12765694770084507,4,0.0,1.0,0.96,0.88,0.875,0.9333333333333333,0.96,0.88,0.875,0.9333333333333333,0.1282051282051282,1.0,0.2154696132596685,20|1034-C40-1078-A01-1122-A01-1166-A01-1210-A01-1254-A01-1298-A-770-A-814-A01-858-A01-902-A01-946-C40-985-A-986-A01-987-A01-988-A01-989-C40-991-C40-992-A01-993-A01-994-A01-995-A01-996-A-,10,26,56576
1,18,20,1.0,0.9230769230769231,0.10078180081645664,1.0,0.6666666666666666,0.8333333333333334,0.3157894736842105,0.25,0.12765694770084507,4,0.0,0.9473684210526316,0.96,0.88,0.875,0.9333333333333333,0.96,0.88,0.875,0.9333333333333333,0.1282051282051282,0.5,0.2154696132596685,20|1034-C40-1078-A01-1122-A01-1166-A01-1210-A01-1254-A00-1298-B-770-A-814-A01-858-A01-902-A01-946-C40-985-A-986-A01-987-A01-988-A01-989-C40-991-C40-992-A01-993-A01-994-A01-995-A01-996-A-,10,26,56577
3,16,20,1.0,0.7142857142857143,0.1823211376388292,0.6666666666666666,0.5,0.7222222222222222,0.3157894736842105,0.23684210526315788,0.2309401076758503,4,0.0,0.8421052631578947,0.8,0.8,0.8888888888888888,0.7142857142857143,0.8,0.8,0.8888888888888888,0.7142857142857143,0.14285714285714285,0.25,0.23780487804878048,20|1034-C40-1078-A00-1122-A01-1166-A01-1210-A00-1253-A-1254-B0121-1298-A-726-B-770-A01-814-A01-858-A01-902-A01-946-C40-987-A-988-A01-989-C40-991-C40-992-A00-993-A01-994-A01-995-A00-996-B-,10,26,56578
9,10,20,1.0,0.9,0.10078180081645664,0.7142857142857143,0.5714285714285714,0.4444444444444444,0.2631578947368421,0.18421052631578946,0.17213259316477408,4,0.0,0.5263157894736842,0.8,0.64,0.631578947368421,0.6666666666666666,0.8,0.64,0.631578947368421,0.6666666666666666,0.2222222222222222,0.3333333333333333,0.3577981651376147,20|1034-C40-1038-B-1078-A01-1121-A-1122-A01-1164-B-1165-B0021-1166-B001020-1167-B-1209-A-1210-B21-814-B-858-A01-902-A01-946-C40-987-A-988-A01-989-C40-991-C40-992-A01-993-A01-994-B0020-995-B-,10,26,56579
0,19,20,1.0,0.9230769230769231,0.05263157894736842,0.0,1.0,0.8333333333333334,0.2631578947368421,0.25,0.06666666666666667,4,0.0,1.0,0.96,0.96,1.0,0.9333333333333333,0.96,0.96,1.0,0.9333333333333333,0.1282051282051282,1.0,0.2154696132596685,20|1034-C40-1078-A01-1122-A01-1166-A01-1210-A01-1254-A-726-A-770-A01-814-A01-858-A01-902-A01-946-C40-985-A-986-A01-987-A01-988-A01-989-C40-991-C40-992-A01-993-A01-994-A01-995-A01-996-A-,10,26,56580
0,8,9,0.45,1.0,0.0,0.0,1.0,0.5714285714285714,0.25,0.25,0.0,4,0.0,1.0,1.0,1.0,1.0,1.0,1.0,1.0,1.0,1.0,0.1836734693877551,1.0,0.4126984126984127,9|187-A-209-A00-231-C40-250-A-251-A00-252-C40-254-C40-255-A00-256-A-275-C40-297-A00-319-A-,10,26,56581
5,14,20,1.0,0.8333333333333334,0.08594700851870801,0.5,0.35714285714285715,0.7222222222222222,0.3157894736842105,0.23684210526315788,0.17213259316477408,4,0.0,0.7368421052631579,0.64,0.72,0.6666666666666666,0.625,0.8,0.8,0.7777777777777778,0.75,0.16666666666666666,0.16666666666666666,0.2746478873239437,20|1034-C40-1037-A-1038-B21-1078-A01-1122-A01-1166-A01-1210-A01-1254-B21-1255-A-770-B-814-A00-858-A01-902-A01-946-C40-986-A-987-A01-988-A01-989-C40-991-C40-992-A01-993-A01-994-B0020-995-B-,10,26,56582
0,19,20,1.0,0.9230769230769231,0.10078180081645664,0.0,1.0,0.8333333333333334,0.3157894736842105,0.25,0.12765694770084507,4,0.0,1.0,0.96,0.88,0.875,0.9333333333333333,0.96,0.88,0.875,0.9333333333333333,0.1282051282051282,1.0,0.2154696132596685,20|1034-C40-1078-A01-1122-A01-1166-A01-1210-A01-1254-A01-1298-A-770-A-814-A01-858-A01-902-A01-946-C40-985-A-986-A01-987-A01-988-A01-989-C40-991-C40-992-A01-993-A01-994-A01-995-A01-996-A-,10,26,56583
8,11,20,1.0,0.8181818181818182,0.13589415249850587,0.6666666666666666,0.5714285714285714,0.4444444444444444,0.2631578947368421,0.18421052631578946,0.17213259316477408,4,0.0,0.5789473684210527,0.8,0.56,0.5263157894736842,0.7058823529411765,0.8,0.64,0.631578947368421,0.7058823529411765,0.20202020202020202,0.3333333333333333,0.3277310924369748,20|1034-C40-1038-B-1078-A01-1121-A-1122-A01-1165-B21-1166-B001020-1167-B-1209-B-1210-B0120-1254-A-814-A-858-A01-902-A01-946-C40-987-A-988-A01-989-C40-991-C40-992-A01-993-A01-994-B0020-995-B-,10,26,56584
0,19,20,1.0,0.9230769230769231,0.05263157894736842,0.0,1.0,0.8333333333333334,0.2631578947368421,0.25,0.06666666666666667,4,0.0,1.0,0.96,0.96,1.0,0.9333333333333333,0.96,0.96,1.0,0.9333333333333333,0.1282051282051282,1.0,0.2154696132596685,20|1034-C40-1078-A00-1122-A00-1166-A00-1210-A00-1254-A-726-A-770-A00-814-A00-858-A00-902-A00-946-C40-985-A-986-A00-987-A00-988-A00-989-C40-991-C40-992-A00-993-A00-994-A00-995-A00-996-A-,10,26,56585
0,19,20,1.0,0.9230769230769231,0.10078180081645664,0.0,1.0,0.8333333333333334,0.3157894736842105,0.25,0.12765694770084507,4,0.0,1.0,0.96,0.88,0.875,0.9333333333333333,0.96,0.88,0.875,0.9333333333333333,0.1282051282051282,1.0,0.2154696132596685,20|1034-C40-1078-A01-1122-A01-1166-A01-1210-A01-1254-A01-1298-A-770-A-814-A01-858-A01-902-A01-946-C40-985-A-986-A01-987-A01-988-A01-989-C40-991-C40-992-A01-993-A01-994-A01-995-A01-996-A-,10,26,56586
2,17,20,1.0,0.8461538461538461,0.13589415249850587,0.5,0.625,0.7222222222222222,0.3157894736842105,0.23684210526315788,0.17213259316477408,4,0.0,0.8947368421052632,0.88,0.8,0.8235294117647058,0.8,0.88,0.8,0.8235294117647058,0.8,0.13986013986013987,0.3333333333333333,0.23353293413173654,20|1034-C40-1078-A01-1122-A01-1166-A01-1210-A01-1254-B0121-1255-A-1298-A-770-A-814-A01-858-A01-902-A01-946-C40-986-A-987-A01-988-A01-989-C40-991-C40-992-A01-993-A01-994-A01-995-A01-996-B-,10,26,56587
0,19,20,1.0,0.9230769230769231,0.10078180081645664,0.0,1.0,0.8333333333333334,0.3157894736842105,0.25,0.12765694770084507,4,0.0,1.0,0.96,0.88,0.875,0.9333333333333333,0.96,0.88,0.875,0.9333333333333333,0.1282051282051282,1.0,0.2154696132596685,20|1034-C40-1078-A01-1122-A01-1166-A01-1210-A01-1254-A01-1298-A-770-A-814-A01-858-A01-902-A01-946-C40-985-A-986-A01-987-A01-988-A01-989-C40-991-C40-992-A01-993-A01-994-A01-995-A01-996-A-,10,26,56588
0,19,20,1.0,0.9230769230769231,0.10078180081645664,0.0,1.0,0.8333333333333334,0.3157894736842105,0.25,0.12765694770084507,4,0.0,1.0,0.96,0.88,0.875,0.9333333333333333,0.96,0.88,0.875,0.9333333333333333,0.1282051282051282,1.0,0.2154696132596685,20|1034-C40-1078-A01-1122-A01-1166-A01-1210-A01-1254-A01-1298-A-770-A-814-A01-858-A01-902-A01-946-C40-985-A-986-A01-987-A01-988-A01-989-C40-991-C40-992-A01-993-A01-994-A01-995-A01-996-A-,10,26,56589
0,19,20,1.0,0.9230769230769231,0.10078180081645664,0.0,1.0,0.8333333333333334,0.3157894736842105,0.25,0.12765694770084507,4,0.0,1.0,0.96,0.88,0.875,0.9333333333333333,0.96,0.88,0.875,0.9333333333333333,0.1282051282051282,1.0,0.2154696132596685,20|1034-C40-1078-A00-1122-A01-1166-A01-1210-A01-1254-A01-1298-A-770-A-814-A01-858-A01-902-A00-946-C40-985-A-986-A01-987-A01-988-A00-989-C40-991-C40-992-A01-993-A01-994-A01-995-A01-996-A-,10,26,56590
3,16,20,1.0,0.8333333333333334,0.08594700851870801,0.3333333333333333,0.5,0.7222222222222222,0.3157894736842105,0.23684210526315788,0.17213259316477408,4,0.0,0.8421052631578947,0.8,0.8,0.7777777777777778,0.75,0.8,0.8,0.7777777777777778,0.75,0.16666666666666666,0.25,0.2746478873239437,20|1034-C40-1039-A-1078-A01-1122-A01-1166-A00-1208-A-1209-A01-1210-B0121-1254-A-770-B-814-A00-858-A01-902-A01-946-C40-986-A-987-A01-988-A01-989-C40-991-C40-992-A01-993-A01-994-A00-995-B21-,10,26,56591
0,19,20,1.0,0.9230769230769231,0.10078180081645664,0.0,1.0,0.8333333333333334,0.3157894736842105,0.25,0.12765694770084507,4,0.0,1.0,0.96,0.88,0.875,0.9333333333333333,0.96,0.88,0.875,0.9333333333333333,0.1282051282051282,1.0,0.2154696132596685,20|1034-C40-1078-A01-1122-A01-1166-A01-1210-A01-1254-A01-1298-A-770-A-814-A01-858-A01-902-A01-946-C40-985-A-986-A01-987-A01-988-A01-989-C40-991-C40-992-A01-993-A01-994-A01-995-A01-996-A-,10,26,56592
5,14,20,1.0,0.8461538461538461,0.13589415249850587,1.0,0.35714285714285715,0.7222222222222222,0.3157894736842105,0.23684210526315788,0.17213259316477408,4,0.0,0.7368421052631579,0.8,0.72,0.8235294117647058,0.6666666666666666,0.88,0.8,0.8235294117647058,0.8,0.13986013986013987,0.16666666666666666,0.23353293413173654,20|1034-C40-1078-A01-1122-A01-1166-A01-1210-A01-1254-B0020-1255-B-1298-B-770-A-814-A01-858-A01-902-A01-946-C40-986-B-987-A01-988-A01-989-C40-991-C40-992-A01-993-A01-994-A01-995-A01-996-B-,10,26,56593
11,8,20,1.0,0.9,0.10078180081645664,0.875,0.5714285714285714,0.4444444444444444,0.2631578947368421,0.18421052631578946,0.17213259316477408,4,0.1111111111111111,0.42105263157894735,0.72,0.56,0.631578947368421,0.5555555555555556,0.8,0.64,0.631578947368421,0.6666666666666666,0.2222222222222222,0.3333333333333333,0.3577981651376147,20|1034-C40-1038-B-1078-A01-1121-B-1122-A01-1164-A-1165-B0120-1166-B001020-1167-B-1209-B-1210-B20-814-B-858-A01-902-A01-946-C40-987-B-988-A00-989-C40-991-C40-992-A01-993-A01-994-B0020-995-B-,10,26,56594
2,17,20,1.0,0.7692307692307693,0.17977106606946666,0.5,0.625,0.7222222222222222,0.3157894736842105,0.23684210526315788,0.17213259316477408,4,0.1111111111111111,0.8947368421052632,0.72,0.64,0.7777777777777778,0.5333333333333333,0.8,0.72,0.8888888888888888,0.6666666666666666,0.15384615384615385,0.3333333333333333,0.2549019607843137,20|1031-A-1034-C40-1078-A00-1122-A01-1166-A01-1210-A01-1254-A01-1298-A-770-A-814-A01-858-A01-902-A01-943-B-946-C40-987-B1021-988-A00-989-C40-991-C40-992-A01-993-A01-994-A01-995-A01-996-A-,10,26,56595
0,19,20,1.0,0.9230769230769231,0.05263157894736842,0.0,1.0,0.8333333333333334,0.2631578947368421,0.25,0.06666666666666667,4,0.0,1.0,0.96,0.96,1.0,0.9333333333333333,0.96,0.96,1.0,0.9333333333333333,0.1282051282051282,1.0,0.2154696132596685,20|1034-C40-1078-A01-1122-A01-1166-A01-1210-A01-1254-A-726-A-770-A01-814-A01-858-A01-902-A01-946-C40-985-A-986-A01-987-A01-988-A01-989-C40-991-C40-992-A01-993-A01-994-A01-995-A01-996-A-,10,26,56596
5,14,20,1.0,0.9090909090909091,0.10078180081645664,0.5,0.5,0.5555555555555556,0.2631578947368421,0.19736842105263158,0.12765694770084507,4,0.0,0.7368421052631579,0.64,0.64,0.8235294117647058,0.5555555555555556,0.8,0.72,0.8235294117647058,0.6666666666666666,0.18181818181818182,0.3333333333333333,0.29770992366412213,20|1034-C40-1038-B-1039-A-1078-A01-1122-A01-1166-A01-1210-A-814-A-858-A01-902-A01-906-B-946-C40-950-B00-986-A-987-A01-988-A01-989-C40-991-C40-992-A01-993-A01-994-B001020-995-B0121-996-A-,10,26,56597
6,13,20,1.0,0.9166666666666666,0.10078180081645664,0.6,0.35714285714285715,0.7222222222222222,0.3157894736842105,0.23684210526315788,0.17213259316477408,4,0.0,0.6842105263157895,0.88,0.8,0.8235294117647058,0.75,0.88,0.8,0.8235294117647058,0.75,0.15151515151515152,0.16666666666666666,0.25161290322580643,20|1034-C40-1078-A01-1122-A01-1166-A00-1209-B-1210-B0020-1253-A-1254-B21-770-B-814-A00-858-A01-902-A01-946-C40-986-A-987-A01-988-A01-989-C40-991-C40-992-A01-993-A01-994-A00-995-B00-996-B-,10,26,56598
0,4,5,0.25,1.0,0.0,0.0,1.0,0.0,0.25,0.25,0.0,4,0.0,1.0,1.0,1.0,1.0,1.0,1.0,1.0,1.0,1.0,0.2,1.0,0.6,5|103-A-104-C40-106-C40-107-A-119-C40-133-A-77-A-91-C40-,10,26,56599
4,15,20,1.0,0.8333333333333334,0.08594700851870801,0.5,0.4166666666666667,0.7222222222222222,0.3157894736842105,0.23684210526315788,0.17213259316477408,4,0.1111111111111111,0.7894736842105263,0.8,0.8,0.7777777777777778,0.75,0.8,0.8,0.7777777777777778,0.75,0.16666666666666666,0.2,0.2746478873239437,20|1034-C40-1039-A-1078-A01-1122-A01-1166-A00-1208-B-1209-A01-1210-B0121-1254-A-770-B-814-A00-858-A01-902-A01-946-C40-986-A-987-A01-988-A01-989-C40-991-C40-992-A01-993-A01-994-A00-995-B21-,10,26,56600
3,16,20,1.0,0.8333333333333334,0.19218335351058463,0.3333333333333333,0.5,0.7222222222222222,0.3157894736842105,0.23684210526315788,0.17213259316477408,4,0.2222222222222222,0.8421052631578947,0.8,0.4,0.4444444444444444,0.5,0.8,0.64,0.6666666666666666,0.625,0.16666666666666666,0.25,0.2746478873239437,20|1031-A-1034-C40-1078-A01-1122-A01-1166-A00-1210-A01-1254-A01-1298-A-814-B-856-A-857-A01-858-B0021-902-A00-946-C40-987-B21-988-A00-989-C40-991-C40-992-A01-993-A01-994-A00-995-A01-996-A-,10,27,56601
4,15,20,1.0,0.9090909090909091,0.10078180081645664,0.5,0.5833333333333334,0.5555555555555556,0.3157894736842105,0.21052631578947367,0.18856180831641264,4,0.0,0.7894736842105263,0.64,0.64,0.7777777777777778,0.5555555555555556,0.72,0.8,0.7777777777777778,0.6666666666666666,0.18181818181818182,0.4,0.29770992366412213,20|1028-A-1029-A01-1030-B0121-1034-C40-1074-A-1078-A01-1122-A01-1166-A01-1210-A-814-A-858-A01-902-A01-942-B-946-C40-985-B-986-B001020-987-A01-988-A01-989-C40-991-C40-992-A01-993-A01-994-A-,10,27,56602
0,19,20,1.0,0.9230769230769231,0.10078180081645664,0.0,1.0,0.8333333333333334,0.3157894736842105,0.25,0.12765694770084507,4,0.0,1.0,0.96,0.88,0.875,0.9333333333333333,0.96,0.88,0.875,0.9333333333333333,0.1282051282051282,1.0,0.2154696132596685,20|1034-C40-1078-A01-1122-A01-1166-A01-1210-A01-1254-A01-1298-A-770-A-814-A01-858-A01-902-A01-946-C40-985-A-986-A01-987-A01-988-A01-989-C40-991-C40-992-A01-993-A01-994-A01-995-A01-996-A-,10,27,56603
6,13,20,1.0,0.8333333333333334,0.08594700851870801,0.6,0.35714285714285715,0.7222222222222222,0.3157894736842105,0.23684210526315788,0.17213259316477408,4,0.0,0.6842105263157895,0.8,0.8,0.7777777777777778,0.75,0.8,0.8,0.7777777777777778,0.75,0.16666666666666666,0.16666666666666666,0.2746478873239437,20|1034-C40-1039-B-1078-A01-1122-A01-1165-A-1166-A00-1209-B21-1210-B0020-1254-B-770-B-814-A00-858-A01-902-A01-946-C40-986-A-987-A01-988-A01-989-C40-991-C40-992-A01-993-A01-994-A00-995-B20-,10,27,56604
0,19,20,1.0,0.9230769230769231,0.10078180081645664,0.0,1.0,0.8333333333333334,0.3157894736842105,0.25,0.12765694770084507,4,0.0,1.0,0.96,0.88,0.875,0.9333333333333333,0.96,0.88,0.875,0.9333333333333333,0.1282051282051282,1.0,0.2154696132596685,20|1034-C40-1078-A01-1122-A01-1166-A01-1210-A01-1254-A01-1298-A-770-A-814-A01-858-A01-902-A01-946-C40-985-A-986-A01-987-A01-988-A01-989-C40-991-C40-992-A01-993-A01-994-A01-995-A01-996-A-,10,27,56605
5,14,20,1.0,0.9090909090909091,0.10078180081645664,0.75,0.42857142857142855,0.6666666666666666,0.2631578947368421,0.21052631578947367,0.1539600717839002,4,0.3333333333333333,0.7368421052631579,0.56,0.5833333333333334,0.7777777777777778,0.47058823529411764,0.8,0.75,0.7777777777777778,0.7058823529411765,0.18181818181818182,0.3333333333333333,0.29770992366412213,20|1034-C40-1037-A-1078-A01-1122-A01-1166-A01-1210-A01-1254-A-814-A-858-A01-861-B-902-A01-905-B00-946-C40-949-A01-986-B-987-A00-988-A01-989-C41-991-C40-992-A00-993-B011121-994-A01-995-B-,10,27,56606
4,15,20,1.0,1.0,0.0607737125462764,0.25,0.5833333333333334,0.5555555555555556,0.2631578947368421,0.21052631578947367,0.10886621079036347,4,0.0,0.7894736842105263,0.88,0.72,0.7777777777777778,0.7777777777777778,0.88,0.72,0.7777777777777778,0.7777777777777778,0.2,0.4,0.325,20|1034-C40-1038-A-1078-A01-1122-A01-1164-A-1165-A01-1166-B001020-1167-A-1210-A-814-B20-815-A-858-A01-902-A01-946-C40-986-B-987-A01-988-A01-989-C40-991-C40-992-A01-993-A01-994-B0020-995-A-,10,27,56607
10,9,20,1.0,0.9,0.05263157894736842,0.75,0.5,0.5555555555555556,0.2631578947368421,0.19736842105263158,0.12765694770084507,4,0.0,0.4736842105263158,0.72,0.72,0.631578947368421,0.7777777777777778,0.8,0.72,0.631578947368421,0.7777777777777778,0.2222222222222222,0.3333333333333333,0.3577981651376147,20|1034-C40-1038-A-1078-A01-1121-B-1122-A01-1164-B-1165-B0020-1166-B001020-1167-B-1209-B-1210-B20-814-B-858-A01-902-A01-946-C40-986-B-987-A01-988-A01-989-C40-991-C40-992-A01-993-A01-994-B21-,10,27,56608
0,19,20,1.0,0.9230769230769231,0.10078180081645664,0.0,1.0,0.8333333333333334,0.3157894736842105,0.25,0.12765694770084507,4,0.0,1.0,0.96,0.88,0.875,0.9333333333333333,0.96,0.88,0.875,0.9333333333333333,0.1282051282051282,1.0,0.2154696132596685,20|1034-C40-1078-A00-1122-A01-1166-A01-1210-A01-1254-A01-1298-A-770-A-814-A01-858-A01-902-A01-946-C40-985-A-986-A01-987-A01-988-A01-989-C40-991-C40-992-A00-993-A01-994-A01-995-A01-996-A-,10,27,56609
0,19,20,1.0,0.9230769230769231,0.10078180081645664,0.0,1.0,0.8333333333333334,0.3157894736842105,0.25,0.12765694770084507,4,0.0,1.0,0.96,0.88,0.875,0.9333333333333333,0.96,0.88,0.875,0.9333333333333333,0.1282051282051282,1.0,0.2154696132596685,20|1034-C40-1078-A01-1122-A01-1166-A01-1210-A01-1254-A01-1298-A-770-A-814-A01-858-A01-902-A01-946-C40-985-A-986-A01-987-A01-988-A01-989-C40-991-C40-992-A01-993-A01-994-A01-995-A01-996-A-,10,27,56610
1,18,20,1.0,0.8461538461538461,0.13589415249850587,0.0,0.6666666666666666,0.8333333333333334,0.3157894736842105,0.25,0.12765694770084507,4,0.0,0.9473684210526316,0.8,0.72,0.8235294117647058,0.6666666666666666,0.88,0.8,0.8235294117647058,0.8,0.13986013986013987,0.5,0.23353293413173654,20|1034-C40-1078-A01-1122-A01-1166-A01-1210-A01-1254-A01-1298-A-770-A-814-A01-858-A01-902-A01-942-A-946-C40-986-B21-987-A01-988-A01-989-C40-991-C40-992-A01-993-A01-994-A01-995-A01-996-A-,10,27,56611
0,19,20,1.0,0.9230769230769231,0.05263157894736842,0.0,1.0,0.8333333333333334,0.2631578947368421,0.25,0.06666666666666667,4,0.0,1.0,0.96,0.96,1.0,0.9333333333333333,0.96,0.96,1.0,0.9333333333333333,0.1282051282051282,1.0,0.2154696132596685,20|1034-C40-1078-A01-1122-A01-1166-A01-1210-A01-1254-A-726-A-770-A01-814-A01-858-A01-902-A01-946-C40-985-A-986-A01-987-A01-988-A01-989-C40-991-C40-992-A01-993-A01-994-A01-995-A01-996-A-,10,27,56612
4,15,20,1.0,0.8181818181818182,0.10526315789473684,0.5,0.5,0.6666666666666666,0.3684210526315789,0.21052631578947367,0.26666666666666666,4,0.1111111111111111,0.7894736842105263,0.64,0.64,0.8235294117647058,0.5263157894736842,0.72,0.72,0.8235294117647058,0.631578947368421,0.20202020202020202,0.4,0.3277310924369748,20|1030-A-1034-C40-1078-A01-1122-A01-1166-A-814-A-853-B-854-B20-858-A01-898-A01-902-A01-942-A01-946-C40-984-B-985-A01-986-B011120-987-A01-988-A01-989-C40-991-C40-992-A01-993-A01-994-A-,10,27,56613
4,15,20,1.0,0.8333333333333334,0.08594700851870801,0.5,0.4166666666666667,0.7222222222222222,0.3157894736842105,0.23684210526315788,0.17213259316477408,4,0.1111111111111111,0.7894736842105263,0.8,0.8,0.7777777777777778,0.75,0.8,0.8,0.7777777777777778,0.75,0.16666666666666666,0.2,0.2746478873239437,20|1034-C40-1039-A-1078-A01-1122-A01-1166-A00-1208-B-1209-A01-1210-B0121-1254-A-770-B-814-A00-858-A01-902-A01-946-C40-986-A-987-A01-988-A01-989-C40-991-C40-992-A01-993-A01-994-A00-995-B21-,10,27,56614
2,17,20,1.0,0.9090909090909091,0.15789473684210528,0.0,0.875,0.5555555555555556,0.3157894736842105,0.21052631578947367,0.24343224778007383,4,0.0,0.8947368421052632,0.88,0.64,0.6666666666666666,0.7058823529411765,0.88,0.64,0.6666666666666666,0.7058823529411765,0.18181818181818182,0.6666666666666666,0.29770992366412213,20|1034-C40-1039-A-1078-A01-1122-A01-1166-A00-1208-A-1209-A01-1210-B011121-1211-A-1254-A-814-A-858-A01-902-A01-946-C40-987-A-988-A01-989-C40-991-C40-992-A01-993-A01-994-A00-995-B0121-996-A-,10,27,56615
4,15,20,1.0,0.7272727272727273,0.1324532357065044,0.25,0.75,0.3888888888888889,0.2631578947368421,0.17105263157894737,0.16777409856157222,4,0.1111111111111111,0.7894736842105263,0.48,0.56,0.4,0.8235294117647058,0.64,0.64,0.6,0.8235294117647058,0.22727272727272727,0.6,0.3644859813084112,20|1034-C40-1078-A00-1079-A-1121-B-1122-B001020-1123-B0121-1124-A-1165-A-1166-B011121-1167-A-1210-A01-1254-A-814-A-858-A00-902-A01-946-C40-987-A-988-A01-989-C40-991-C40-992-A01-993-A00-994-A-,10,27,56616
8,11,20,1.0,1.0,0.0607737125462764,0.5,0.35714285714285715,0.7222222222222222,0.3157894736842105,0.23684210526315788,0.17213259316477408,4,0.4444444444444444,0.5789473684210527,0.6666666666666666,0.5833333333333334,0.5714285714285714,0.47619047619047616,0.6666666666666666,0.5833333333333334,0.5714285714285714,0.47619047619047616,0.3125,0.16666666666666666,0.4875,20|1031-A01-1034-C40-1075-A-1078-A00-1122-B20-1123-A01-1124-A01-1125-B0020-1126-B-1169-B-857-A-858-B20-861-B-902-A00-905-A01-946-C40-949-A01-987-B20-988-A00-989-C40-991-C40-992-A00-993-B20-,10,27,56617
0,19,20,1.0,0.9230769230769231,0.10078180081645664,0.0,1.0,0.8333333333333334,0.3157894736842105,0.25,0.12765694770084507,4,0.0,1.0,0.96,0.88,0.875,0.9333333333333333,0.96,0.88,0.875,0.9333333333333333,0.1282051282051282,1.0,0.2154696132596685,20|1034-C40-1078-A01-1122-A01-1166-A01-1210-A01-1254-A01-1298-A-770-A-814-A01-858-A01-902-A01-946-C40-985-A-986-A01-987-A01-988-A01-989-C40-991-C40-992-A01-993-A01-994-A01-995-A01-996-A-,10,27,56618
0,19,20,1.0,0.9230769230769231,0.10078180081645664,0.0,1.0,0.8333333333333334,0.3157894736842105,0.25,0.12765694770084507,4,0.0,1.0,0.96,0.88,0.875,0.9333333333333333,0.96,0.88,0.875,0.9333333333333333,0.1282051282051282,1.0,0.2154696132596685,20|1034-C40-1078-A01-1122-A01-1166-A01-1210-A01-1254-A01-1298-A-770-A-814-A01-858-A01-902-A01-946-C40-985-A-986-A01-987-A01-988-A01-989-C40-991-C40-992-A01-993-A01-994-A01-995-A01-996-A-,10,27,56619
7,12,20,1.0,1.0,0.0607737125462764,0.6666666666666666,0.5,0.5555555555555556,0.2631578947368421,0.19736842105263158,0.12765694770084507,4,0.4444444444444444,0.631578947368421,0.48,0.5,0.7777777777777778,0.5555555555555556,0.8,0.75,0.7777777777777778,0.7777777777777778,0.2,0.3333333333333333,0.325,20|1031-B-1034-C40-1037-A-1078-A01-1122-A01-1166-A01-1210-A-814-A-858-A01-861-B-902-A01-905-B00-946-C40-949-A01-986-B-987-B0020-988-A00-989-C40-991-C40-992-A00-993-B011121-994-A01-995-B-,10,27,56620
0,19,20,1.0,0.9230769230769231,0.10078180081645664,0.0,1.0,0.8333333333333334,0.3157894736842105,0.25,0.12765694770084507,4,0.0,1.0,0.96,0.88,0.875,0.9333333333333333,0.96,0.88,0.875,0.9333333333333333,0.1282051282051282,1.0,0.2154696132596685,20|1034-C40-1078-A01-1122-A01-1166-A01-1210-A01-1254-A01-1298-A-770-A-814-A01-858-A01-902-A01-946-C40-985-A-986-A01-987-A01-988-A01-989-C40-991-C40-992-A01-993-A01-994-A01-995-A01-996-A-,10,27,56621
10,9,20,1.0,1.0,0.0607737125462764,0.625,0.5714285714285714,0.5,0.2631578947368421,0.18421052631578946,0.17213259316477408,4,0.6666666666666666,0.4736842105263158,0.64,0.56,0.5,0.5,0.8,0.64,0.7,0.6,0.3125,0.5,0.4875,20|1034-C40-1037-B-1078-A00-1121-B-1122-B001021-1123-A01-1124-B21-1166-B21-1167-A-1168-A-857-A-858-B21-902-A00-905-B-946-C40-949-A01-987-B-988-A00-989-C40-991-C40-992-A00-993-B001021-994-B-,10,27,56622
0,19,20,1.0,0.9230769230769231,0.10078180081645664,0.0,1.0,0.8333333333333334,0.3157894736842105,0.25,0.12765694770084507,4,0.0,1.0,0.96,0.88,0.875,0.9333333333333333,0.96,0.88,0.875,0.9333333333333333,0.1282051282051282,1.0,0.2154696132596685,20|1034-C40-1078-A01-1122-A01-1166-A01-1210-A01-1254-A01-1298-A-770-A-814-A01-858-A01-902-A01-946-C40-985-A-986-A01-987-A01-988-A01-989-C40-991-C40-992-A01-993-A01-994-A01-995-A01-996-A-,10,27,56623
0,19,20,1.0,0.9230769230769231,0.10078180081645664,0.0,1.0,0.8333333333333334,0.3157894736842105,0.25,0.12765694770084507,4,0.0,1.0,0.96,0.88,0.875,0.9333333333333333,0.96,0.88,0.875,0.9333333333333333,0.1282051282051282,1.0,0.2154696132596685,20|1034-C40-1078-A00-1122-A00-1166-A00-1210-A00-1254-A00-1298-A-770-A-814-A00-858-A00-902-A00-946-C40-985-A-986-A00-987-A00-988-A00-989-C40-991-C40-992-A00-993-A00-994-A00-995-A00-996-A-,10,27,56624
0,19,20,1.0,0.9230769230769231,0.05263157894736842,0.0,1.0,0.8333333333333334,0.2631578947368421,0.25,0.06666666666666667,4,0.0,1.0,0.96,0.96,0.9333333333333333,1.0,0.96,0.96,0.9333333333333333,1.0,0.1282051282051282,1.0,0.2154696132596685,20|1034-C40-1078-A00-1122-A00-1166-A00-1210-A00-1254-A-770-A-814-A00-858-A00-902-A00-946-C40-984-A-985-A00-986-A00-987-A00-988-A00-989-C40-991-C40-992-A00-993-A00-994-A00-995-A00-996-A-,10,27,56625
13,6,20,1.0,0.7,0.15789473684210528,0.8,0.6428571428571429,0.3888888888888889,0.3157894736842105,0.15789473684210525,0.26666666666666666,4,0.4444444444444444,0.3157894736842105,0.56,0.56,0.47619047619047616,0.6666666666666666,0.56,0.56,0.47619047619047616,0.7777777777777778,0.2857142857142857,0.5,0.4482758620689655,20|1034-C40-1078-A00-1120-B-1121-B00-1122-B001020-1123-B-1165-B-1166-B001021-1167-A01-1168-A-1210-B0020-1211-B10-1254-B-1255-B-858-B-902-A00-946-C40-987-B-988-A00-989-C40-991-C40-992-A00-993-B-,10,27,56626
1,18,20,1.0,0.9230769230769231,0.10078180081645664,1.0,0.6666666666666666,0.8333333333333334,0.3157894736842105,0.25,0.12765694770084507,4,0.0,0.9473684210526316,0.96,0.88,0.875,0.9333333333333333,0.96,0.88,0.875,0.9333333333333333,0.1282051282051282,0.5,0.2154696132596685,20|1034-C40-1078-A01-1122-A01-1166-A01-1210-A01-1254-A00-1298-B-770-A-814-A01-858-A01-902-A01-946-C40-985-A-986-A01-987-A01-988-A01-989-C40-991-C40-992-A01-993-A01-994-A01-995-A01-996-A-,10,27,56627
2,17,20,1.0,0.6923076923076923,0.14886458551295736,0.5,0.625,0.7222222222222222,0.3157894736842105,0.23684210526315788,0.17213259316477408,4,0.0,0.8947368421052632,0.64,0.64,0.7368421052631579,0.6666666666666666,0.72,0.72,0.8421052631578947,0.8,0.17094017094017094,0.3333333333333333,0.2805755395683453,20|1034-C40-1038-A00-1078-A01-1082-A-1122-A01-1166-A01-1210-A01-1254-A01-1298-A-770-A-814-A01-858-A01-902-A01-946-C40-950-B-986-A-987-A01-988-A01-989-C40-991-C40-992-A01-993-A01-994-B1021-,10,27,56628
10,9,20,1.0,0.8181818181818182,0.13589415249850587,0.75,0.5714285714285714,0.4444444444444444,0.2631578947368421,0.18421052631578946,0.17213259316477408,4,0.1111111111111111,0.4736842105263158,0.72,0.48,0.5263157894736842,0.5882352941176471,0.8,0.64,0.631578947368421,0.7058823529411765,0.20202020202020202,0.3333333333333333,0.3277310924369748,20|1034-C40-1038-B-1078-A01-1121-B-1122-A01-1165-B20-1166-B001020-1167-B-1209-B-1210-B0120-1254-A-814-A-858-A01-902-A01-946-C40-987-B-988-A00-989-C40-991-C40-992-A01-993-A01-994-B0020-995-B-,10,27,56629
3,16,20,1.0,0.8333333333333334,0.08594700851870801,0.6666666666666666,0.6,0.6666666666666666,0.2631578947368421,0.2236842105263158,0.12765694770084507,4,0.1111111111111111,0.8421052631578947,0.72,0.64,0.7777777777777778,0.625,0.8,0.8,0.8888888888888888,0.75,0.16666666666666666,0.5,0.2746478873239437,20|1034-C40-1038-A01-1078-A01-1082-B-1122-A00-1166-A01-1210-A01-1254-A-770-B-814-A00-858-A01-902-A01-946-C40-950-A-986-A-987-A01-988-A01-989-C40-991-C40-992-A01-993-A01-994-B011121-995-A-,10,27,56630
9,10,20,1.0,0.9,0.10078180081645664,0.7142857142857143,0.5714285714285714,0.4444444444444444,0.2631578947368421,0.18421052631578946,0.17213259316477408,4,0.0,0.5263157894736842,0.8,0.64,0.631578947368421,0.6666666666666666,0.8,0.64,0.631578947368421,0.6666666666666666,0.2222222222222222,0.3333333333333333,0.3577981651376147,20|1034-C40-1038-B-1078-A01-1121-A-1122-A01-1164-A-1165-B0121-1166-B001020-1167-B-1209-B-1210-B20-814-B-858-A01-902-A01-946-C40-987-A-988-A01-989-C40-991-C40-992-A01-993-A01-994-B0020-995-B-,10,27,56631
0,19,20,1.0,0.9230769230769231,0.10078180081645664,0.0,1.0,0.8333333333333334,0.3157894736842105,0.25,0.12765694770084507,4,0.0,1.0,0.96,0.88,0.875,0.9333333333333333,0.96,0.88,0.875,0.9333333333333333,0.1282051282051282,1.0,0.2154696132596685,20|1034-C40-1078-A00-1122-A01-1166-A01-1210-A01-1254-A01-1298-A-770-A-814-A01-858-A01-902-A00-946-C40-985-A-986-A01-987-A01-988-A00-989-C40-991-C40-992-A00-993-A01-994-A01-995-A01-996-A-,10,27,56632
0,19,20,1.0,0.9230769230769231,0.10078180081645664,0.0,1.0,0.8333333333333334,0.3157894736842105,0.25,0.12765694770084507,4,0.0,1.0,0.96,0.88,0.875,0.9333333333333333,0.96,0.88,0.875,0.9333333333333333,0.1282051282051282,1.0,0.2154696132596685,20|1034-C40-1078-A01-1122-A01-1166-A01-1210-A01-1254-A01-1298-A-770-A-814-A01-858-A01-902-A01-946-C40-985-A-986-A01-987-A01-988-A01-989-C40-991-C40-992-A01-993-A01-994-A01-995-A01-996-A-,10,27,56633
0,19,20,1.0,0.9230769230769231,0.10078180081645664,0.0,1.0,0.8333333333333334,0.3157894736842105,0.25,0.12765694770084507,4,0.0,1.0,0.96,0.88,0.875,0.9333333333333333,0.96,0.88,0.875,0.9333333333333333,0.1282051282051282,1.0,0.2154696132596685,20|1034-C40-1078-A01-1122-A01-1166-A01-1210-A01-1254-A01-1298-A-770-A-814-A01-858-A01-902-A01-946-C40-985-A-986-A01-987-A01-988-A01-989-C40-991-C40-992-A01-993-A01-994-A01-995-A01-996-A-,10,27,56634
0,19,20,1.0,0.9230769230769231,0.05263157894736842,0.0,1.0,0.8333333333333334,0.2631578947368421,0.25,0.06666666666666667,4,0.0,1.0,0.96,0.96,1.0,0.9333333333333333,0.96,0.96,1.0,0.9333333333333333,0.1282051282051282,1.0,0.2154696132596685,20|1034-C40-1078-A01-1122-A01-1166-A01-1210-A01-1254-A-726-A-770-A01-814-A01-858-A01-902-A01-946-C40-985-A-986-A01-987-A01-988-A01-989-C40-991-C40-992-A01-993-A01-994-A01-995-A01-996-A-,10,27,56635
12,7,20,1.0,1.0,0.0607737125462764,0.8888888888888888,0.5714285714285714,0.4444444444444444,0.2631578947368421,0.19736842105263158,0.12765694770084507,4,0.1111111111111111,0.368421052631579,0.8,0.64,0.6666666666666666,0.6666666666666666,0.88,0.72,0.6666666666666666,0.7777777777777778,0.2,0.3333333333333333,0.325,20|1034-C40-1038-B-1078-A01-1122-A01-1164-B-1165-B0010-1166-B001020-1167-B-1209-B-1210-B-814-B-858-A01-902-A01-946-C40-986-B-987-B00-988-A00-989-C40-991-C40-992-A01-993-A01-994-B0020-995-B-,10,27,56636
0,19,20,1.0,0.9230769230769231,0.10078180081645664,0.0,1.0,0.8333333333333334,0.3157894736842105,0.25,0.12765694770084507,4,0.0,1.0,0.96,0.88,0.875,0.9333333333333333,0.96,0.88,0.875,0.9333333333333333,0.1282051282051282,1.0,0.2154696132596685,20|1034-C40-1078-A01-1122-A01-1166-A01-1210-A01-1254-A01-1298-A-770-A-814-A01-858-A01-902-A01-946-C40-985-A-986-A01-987-A01-988-A01-989-C40-991-C40-992-A01-993-A01-994-A01-995-A01-996-A-,10,27,56637
0,19,20,1.0,0.9230769230769231,0.10078180081645664,0.0,1.0,0.8333333333333334,0.3157894736842105,0.25,0.12765694770084507,4,0.0,1.0,0.96,0.88,0.875,0.9333333333333333,0.96,0.88,0.875,0.9333333333333333,0.1282051282051282,1.0,0.2154696132596685,20|1034-C40-1078-A01-1122-A01-1166-A00-1210-A00-1254-A00-1298-A-770-A-814-A00-858-A00-902-A00-946-C40-985-A-986-A00-987-A00-988-A00-989-C40-991-C40-992-A00-993-A00-994-A00-995-A00-996-A-,10,27,56638
0,19,20,1.0,0.9230769230769231,0.05263157894736842,0.0,1.0,0.8333333333333334,0.2631578947368421,0.25,0.06666666666666667,4,0.0,1.0,0.96,0.96,1.0,0.9333333333333333,0.96,0.96,1.0,0.9333333333333333,0.1282051282051282,1.0,0.2154696132596685,20|1034-C40-1078-A01-1122-A01-1166-A01-1210-A01-1254-A-726-A-770-A01-814-A01-858-A01-902-A01-946-C40-985-A-986-A01-987-A01-988-A01-989-C40-991-C40-992-A01-993-A01-994-A01-995-A01-996-A-,10,27,56639
0,19,20,1.0,0.9230769230769231,0.10078180081645664,0.0,1.0,0.8333333333333334,0.3157894736842105,0.25,0.12765694770084507,4,0.0,1.0,0.96,0.88,0.875,0.9333333333333333,0.96,0.88,0.875,0.9333333333333333,0.1282051282051282,1.0,0.2154696132596685,20|1034-C40-1078-A01-1122-A00-1166-A01-1210-A00-1254-A01-1298-A-770-A-814-A01-858-A00-902-A01-946-C40-985-A-986-A01-987-A00-988-A01-989-C40-991-C40-992-A01-993-A00-994-A01-995-A00-996-A-,10,27,56640
5,14,20,1.0,0.75,0.1324532357065044,0.5,0.35714285714285715,0.7222222222222222,0.3157894736842105,0.23684210526315788,0.17213259316477408,4,0.1111111111111111,0.7368421052631579,0.64,0.56,0.631578947368421,0.5,0.72,0.72,0.7368421052631579,0.625,0.18518518518518517,0.16666666666666666,0.3023255813953488,20|1034-C40-1078-A00-1122-A00-1166-A00-1210-B0021-1211-A01-1212-A-1254-B-770-A-814-A01-858-A01-902-A01-943-B-946-C40-951-A-987-B10-988-A00-989-C40-991-C40-992-A00-993-A00-994-A00-995-B21-,10,27,56641
0,19,20,1.0,0.9230769230769231,0.10078180081645664,0.0,1.0,0.8333333333333334,0.3157894736842105,0.25,0.12765694770084507,4,0.0,1.0,0.96,0.88,0.875,0.9333333333333333,0.96,0.88,0.875,0.9333333333333333,0.1282051282051282,1.0,0.2154696132596685,20|1034-C40-1078-A00-1122-A00-1166-A00-1210-A00-1254-A00-1298-A-770-A-814-A00-858-A00-902-A00-946-C40-985-A-986-A00-987-A00-988-A00-989-C40-991-C40-992-A00-993-A00-994-A00-995-A00-996-A-,10,27,56642
8,11,20,1.0,0.9,0.10078180081645664,0.6666666666666666,0.5714285714285714,0.4444444444444444,0.2631578947368421,0.18421052631578946,0.17213259316477408,4,0.0,0.5789473684210527,0.8,0.64,0.631578947368421,0.6666666666666666,0.8,0.64,0.631578947368421,0.6666666666666666,0.2222222222222222,0.3333333333333333,0.3577981651376147,20|1034-C40-1038-B-1078-A01-1121-A-1122-A01-1164-A-1165-B0121-1166-B001020-1167-B-1209-A-1210-B21-814-B-858-A01-902-A01-946-C40-987-A-988-A01-989-C40-991-C40-992-A01-993-A01-994-B0020-995-B-,10,27,56643
0,19,20,1.0,0.9230769230769231,0.10078180081645664,0.0,1.0,0.8333333333333334,0.3157894736842105,0.25,0.12765694770084507,4,0.0,1.0,0.96,0.88,0.875,0.9333333333333333,0.96,0.88,0.875,0.9333333333333333,0.1282051282051282,1.0,0.2154696132596685,20|1034-C40-1078-A01-1122-A01-1166-A00-1210-A00-1254-A00-1298-A-770-A-814-A00-858-A00-902-A00-946-C40-985-A-986-A00-987-A00-988-A00-989-C40-991-C40-992-A00-993-A00-994-A00-995-A00-996-A-,10,27,56644
5,14,20,1.0,0.9090909090909091,0.10078180081645664,0.75,0.5,0.5555555555555556,0.2631578947368421,0.19736842105263158,0.12765694770084507,4,0.1111111111111111,0.7368421052631579,0.88,0.72,0.6666666666666666,0.8235294117647058,0.88,0.72,0.6666666666666666,0.8235294117647058,0.18181818181818182,0.3333333333333333,0.29770992366412213,20|1034-C40-1038-A-1078-A01-1122-A01-1164-A-1165-A00-1166-B011121-1167-A-1210-A01-1254-B-814-B-858-A01-902-A01-946-C40-986-B-987-A01-988-A01-989-C40-991-C40-992-A01-993-A01-994-B0121-995-A-,10,27,56645
0,19,20,1.0,0.9230769230769231,0.10078180081645664,0.0,1.0,0.8333333333333334,0.3157894736842105,0.25,0.12765694770084507,4,0.0,1.0,0.96,0.88,0.875,0.9333333333333333,0.96,0.88,0.875,0.9333333333333333,0.1282051282051282,1.0,0.2154696132596685,20|1034-C40-1078-A01-1122-A01-1166-A01-1210-A01-1254-A01-1298-A-770-A-814-A01-858-A01-902-A01-946-C40-985-A-986-A01-987-A01-988-A01-989-C40-991-C40-992-A01-993-A01-994-A01-995-A01-996-A-,10,27,56646
0,19,20,1.0,0.9230769230769231,0.10078180081645664,0.0,1.0,0.8333333333333334,0.3157894736842105,0.25,0.12765694770084507,4,0.0,1.0,0.96,0.88,0.875,0.9333333333333333,0.96,0.88,0.875,0.9333333333333333,0.1282051282051282,1.0,0.2154696132596685,20|1034-C40-1078-A00-1122-A01-1166-A01-1210-A01-1254-A01-1298-A-770-A-814-A01-858-A01-902-A00-946-C40-985-A-986-A01-987-A01-988-A00-989-C40-991-C40-992-A00-993-A01-994-A01-995-A01-996-A-,10,27,56647
0,19,20,1.0,0.9230769230769231,0.10078180081645664,0.0,1.0,0.8333333333333334,0.3157894736842105,0.25,0.12765694770084507,4,0.0,1.0,0.96,0.88,0.875,0.9333333333333333,0.96,0.88,0.875,0.9333333333333333,0.1282051282051282,1.0,0.2154696132596685,20|1034-C40-1078-A01-1122-A01-1166-A01-1210-A01-1254-A01-1298-A-770-A-814-A01-858-A01-902-A01-946-C40-985-A-986-A01-987-A01-988-A01-989-C40-991-C40-992-A01-993-A01-994-A01-995-A01-996-A-,10,27,56648
0,19,20,1.0,0.9230769230769231,0.10078180081645664,0.0,1.0,0.8333333333333334,0.3157894736842105,0.25,0.12765694770084507,4,0.0,1.0,0.96,0.88,0.875,0.9333333333333333,0.96,0.88,0.875,0.9333333333333333,0.1282051282051282,1.0,0.2154696132596685,20|1034-C40-1078-A01-1122-A01-1166-A01-1210-A01-1254-A01-1298-A-770-A-814-A01-858-A01-902-A01-946-C40-985-A-986-A01-987-A01-988-A01-989-C40-991-C40-992-A01-993-A01-994-A01-995-A01-996-A-,10,27,56649
2,17,20,1.0,0.8461538461538461,0.13589415249850587,0.5,0.625,0.7222222222222222,0.3157894736842105,0.23684210526315788,0.17213259316477408,4,0.0,0.8947368421052632,0.88,0.8,0.8235294117647058,0.8,0.88,0.8,0.8235294117647058,0.8,0.13986013986013987,0.3333333333333333,0.23353293413173654,20|1034-C40-1078-A01-1122-A01-1166-A01-1210-A01-1254-B0121-1255-A-1298-A-770-A-814-A01-858-A01-902-A01-946-C40-986-A-987-A01-988-A01-989-C40-991-C40-992-A01-993-A01-994-A01-995-A01-996-B-,10,27,56650
0,19,20,1.0,0.9230769230769231,0.05263157894736842,0.0,1.0,0.8333333333333334,0.2631578947368421,0.25,0.06666666666666667,4,0.0,1.0,0.96,0.96,1.0,0.9333333333333333,0.96,0.96,1.0,0.9333333333333333,0.1282051282051282,1.0,0.2154696132596685,20|1034-C40-1078-A00-1122-A00-1166-A00-1210-A00-1254-A-726-A-770-A00-814-A00-858-A00-902-A00-946-C40-985-A-986-A00-987-A00-988-A00-989-C40-991-C40-992-A00-993-A00-994-A00-995-A00-996-A-,10,27,56651
0,19,20,1.0,0.9230769230769231,0.10078180081645664,0.0,1.0,0.8333333333333334,0.3157894736842105,0.25,0.12765694770084507,4,0.0,1.0,0.96,0.88,0.875,0.9333333333333333,0.96,0.88,0.875,0.9333333333333333,0.1282051282051282,1.0,0.2154696132596685,20|1034-C40-1078-A01-1122-A01-1166-A01-1210-A01-1254-A01-1298-A-770-A-814-A01-858-A01-902-A01-946-C40-985-A-986-A01-987-A01-988-A01-989-C40-991-C40-992-A01-993-A01-994-A01-995-A01-996-A-,10,27,56652
6,13,20,1.0,0.9166666666666666,0.05263157894736842,0.8,0.42857142857142855,0.6111111111111112,0.2631578947368421,0.2236842105263158,0.06666666666666667,4,0.0,0.6842105263157895,0.8,0.8,0.8235294117647058,0.75,0.88,0.88,0.8235294117647058,0.875,0.15151515151515152,0.16666666666666666,0.25161290322580643,20|1034-C40-1078-A01-1122-A01-1166-A00-1209-A-1210-B0121-1254-A-770-B-814-A00-858-A01-902-A01-942-B-946-C40-985-B-986-B0020-987-A01-988-A01-989-C40-991-C40-992-A01-993-A01-994-A00-995-B-,10,27,56653
0,19,20,1.0,0.9230769230769231,0.10078180081645664,0.0,1.0,0.8333333333333334,0.3157894736842105,0.25,0.12765694770084507,4,0.0,1.0,0.96,0.88,0.875,0.9333333333333333,0.96,0.88,0.875,0.9333333333333333,0.1282051282051282,1.0,0.2154696132596685,20|1034-C40-1078-A01-1122-A01-1166-A01-1210-A01-1254-A01-1298-A-770-A-814-A01-858-A01-902-A01-946-C40-985-A-986-A01-987-A01-988-A01-989-C40-991-C40-992-A01-993-A01-994-A01-995-A01-996-A-,10,27,56654
0,19,20,1.0,0.9230769230769231,0.10078180081645664,0.0,1.0,0.8333333333333334,0.3157894736842105,0.25,0.12765694770084507,4,0.0,1.0,0.96,0.88,0.875,0.9333333333333333,0.96,0.88,0.875,0.9333333333333333,0.1282051282051282,1.0,0.2154696132596685,20|1034-C40-1078-A00-1122-A00-1166-A00-1210-A00-1254-A00-1298-A-770-A-814-A00-858-A01-902-A01-946-C40-985-A-986-A00-987-A01-988-A01-989-C40-991-C40-992-A00-993-A00-994-A00-995-A00-996-A-,10,27,56655
11,8,20,1.0,0.8181818181818182,0.13589415249850587,0.875,0.5714285714285714,0.4444444444444444,0.2631578947368421,0.18421052631578946,0.17213259316477408,4,0.0,0.42105263157894735,0.8,0.64,0.631578947368421,0.7058823529411765,0.8,0.64,0.631578947368421,0.7058823529411765,0.20202020202020202,0.3333333333333333,0.3277310924369748,20|1034-C40-1038-B-1078-A01-1122-A01-1164-B-1165-B00-1166-B001020-1167-B-1209-B-1210-B0020-1254-B-814-B-858-A01-902-A01-946-C40-987-A-988-A01-989-C40-991-C40-992-A01-993-A01-994-B0020-995-B-,10,27,56656
6,13,20,1.0,1.0,0.1215474250925528,0.4,0.35714285714285715,0.7222222222222222,0.3157894736842105,0.23684210526315788,0.17213259316477408,4,0.1111111111111111,0.6842105263157895,0.72,0.48,0.5882352941176471,0.47058823529411764,0.88,0.72,0.7058823529411765,0.7058823529411765,0.1652892561983471,0.16666666666666666,0.2727272727272727,20|1034-C40-1078-A01-1122-A01-1166-A01-1210-A01-1254-B21-1255-A-814-B21-815-A-858-A01-902-A01-943-A-946-C40-986-B-987-B0021-988-A01-989-C41-991-C40-992-A00-993-A01-994-A01-995-B00-996-B-,10,27,56657
10,9,20,1.0,0.8181818181818182,0.13589415249850587,0.75,0.5714285714285714,0.4444444444444444,0.2631578947368421,0.18421052631578946,0.17213259316477408,4,0.0,0.4736842105263158,0.8,0.56,0.5263157894736842,0.7058823529411765,0.8,0.64,0.631578947368421,0.7058823529411765,0.20202020202020202,0.3333333333333333,0.3277310924369748,20|1034-C40-1038-B-1078-A01-1122-A01-1164-B-1165-B00-1166-B001020-1167-B-1209-B-1210-B0020-1254-B-814-A-858-A01-902-A01-946-C40-987-A-988-A01-989-C41-991-C40-992-A01-993-A01-994-B0020-995-B-,10,27,56658
0,19,20,1.0,0.9230769230769231,0.10078180081645664,0.0,1.0,0.8333333333333334,0.3157894736842105,0.25,0.12765694770084507,4,0.0,1.0,0.96,0.88,0.875,0.9333333333333333,0.96,0.88,0.875,0.9333333333333333,0.1282051282051282,1.0,0.2154696132596685,20|1034-C40-1078-A01-1122-A01-1166-A01-1210-A01-1254-A01-1298-A-770-A-814-A01-858-A01-902-A01-946-C40-985-A-986-A01-987-A01-988-A01-989-C40-991-C40-992-A01-993-A01-994-A01-995-A01-996-A-,10,27,56659
3,16,20,1.0,0.9166666666666666,0.10078180081645664,0.3333333333333333,0.5,0.7222222222222222,0.3157894736842105,0.23684210526315788,0.17213259316477408,4,0.1111111111111111,0.8421052631578947,0.8,0.72,0.8235294117647058,0.625,0.88,0.8,0.8235294117647058,0.75,0.15151515151515152,0.25,0.25161290322580643,20|1031-A-1034-C40-1078-A01-1122-A01-1166-A01-1210-A01-1254-B21-1255-A-770-A-814-A01-858-A01-902-A01-946-C40-986-A-987-B0121-988-A00-989-C40-991-C40-992-A01-993-A01-994-A01-995-A01-996-B-,10,27,56660
0,19,20,1.0,0.9230769230769231,0.10078180081645664,0.0,1.0,0.8333333333333334,0.3157894736842105,0.25,0.12765694770084507,4,0.0,1.0,0.96,0.88,0.875,0.9333333333333333,0.96,0.88,0.875,0.9333333333333333,0.1282051282051282,1.0,0.2154696132596685,20|1034-C40-1078-A01-1122-A01-1166-A01-1210-A01-1254-A01-1298-A-770-A-814-A01-858-A01-902-A01-946-C40-985-A-986-A01-987-A01-988-A01-989-C40-991-C40-992-A01-993-A01-994-A01-995-A01-996-A-,10,27,56661
1,18,20,1.0,0.8461538461538461,0.13589415249850587,0.0,0.8333333333333334,0.7222222222222222,0.3157894736842105,0.23684210526315788,0.17213259316477408,4,0.0,0.9473684210526316,0.8,0.72,0.7058823529411765,0.8,0.88,0.8,0.8235294117647058,0.8,0.13986013986013987,0.5,0.23353293413173654,20|1034-C40-1078-A01-1122-A01-1166-A01-1210-A01-1254-A01-1298-A-770-A-814-B0121-815-A-858-A01-902-A01-946-C40-986-A-987-A01-988-A01-989-C40-991-C40-992-A01-993-A01-994-A01-995-A01-996-A-,10,27,56662
0,16,17,0.85,1.0,0.0,0.0,1.0,0.8,0.25,0.25,0.0,4,0.0,1.0,1.0,1.0,1.0,1.0,1.0,1.0,1.0,1.0,0.14049586776859505,1.0,0.24475524475524477,17|551-A-589-A00-627-A00-665-A00-703-C40-736-A-737-A00-738-A00-739-A00-740-C40-742-C40-743-A00-744-A00-745-A00-746-A-779-C40-817-A00-855-A00-893-A00-931-A-,10,27,56663
0,19,20,1.0,0.9230769230769231,0.05263157894736842,0.0,1.0,0.8333333333333334,0.2631578947368421,0.25,0.06666666666666667,4,0.0,1.0,0.96,0.96,1.0,0.9333333333333333,0.96,0.96,1.0,0.9333333333333333,0.1282051282051282,1.0,0.2154696132596685,20|1034-C40-1078-A01-1122-A01-1166-A01-1210-A01-1254-A-726-A-770-A01-814-A01-858-A01-902-A01-946-C40-985-A-986-A01-987-A01-988-A01-989-C40-991-C40-992-A01-993-A01-994-A01-995-A01-996-A-,10,27,56664
9,10,20,1.0,0.8181818181818182,0.13589415249850587,0.8571428571428571,0.5714285714285714,0.4444444444444444,0.2631578947368421,0.18421052631578946,0.17213259316477408,4,0.1111111111111111,0.5263157894736842,0.72,0.64,0.631578947368421,0.5882352941176471,0.8,0.64,0.631578947368421,0.7058823529411765,0.20202020202020202,0.3333333333333333,0.3277310924369748,20|1034-C40-1038-A-1078-A01-1122-A01-1164-B-1165-A01-1166-B001021-1167-B-1209-B-1210-B0020-1254-B-814-B-858-A01-902-A01-946-C40-987-A-988-A01-989-C40-991-C40-992-A01-993-A01-994-B0021-995-B-,10,27,56665
0,19,20,1.0,0.9230769230769231,0.10078180081645664,0.0,1.0,0.8333333333333334,0.3157894736842105,0.25,0.12765694770084507,4,0.0,1.0,0.96,0.88,0.875,0.9333333333333333,0.96,0.88,0.875,0.9333333333333333,0.1282051282051282,1.0,0.2154696132596685,20|1034-C40-1078-A00-1122-A00-1166-A00-1210-A00-1254-A00-1298-A-770-A-814-A00-858-A00-902-A00-946-C40-985-A-986-A00-987-A00-988-A00-989-C40-991-C40-992-A00-993-A00-994-A00-995-A00-996-A-,10,27,56666
0,19,20,1.0,0.9230769230769231,0.05263157894736842,0.0,1.0,0.8333333333333334,0.2631578947368421,0.25,0.06666666666666667,4,0.0,1.0,0.96,0.96,0.9333333333333333,1.0,0.96,0.96,0.9333333333333333,1.0,0.1282051282051282,1.0,0.2154696132596685,20|1034-C40-1078-A00-1122-A00-1166-A00-1210-A00-1254-A-770-A-814-A00-858-A00-902-A00-946-C40-984-A-985-A00-986-A00-987-A00-988-A00-989-C40-991-C40-992-A00-993-A00-994-A00-995-A00-996-A-,10,27,56667
1,18,20,1.0,0.9230769230769231,0.05263157894736842,1.0,0.6666666666666666,0.8333333333333334,0.2631578947368421,0.25,0.06666666666666667,4,0.0,0.9473684210526316,0.88,0.88,1.0,0.8,0.96,0.96,1.0,0.9333333333333333,0.1282051282051282,0.5,0.2154696132596685,20|1034-C40-1078-A01-1122-A01-1166-A01-1210-A01-1254-A-726-A-770-A01-814-A01-858-A01-902-A01-946-C40-985-B-986-A00-987-A01-988-A01-989-C40-991-C40-992-A01-993-A01-994-A01-995-A01-996-A-,10,27,56668
1,18,20,1.0,0.8461538461538461,0.13589415249850587,0.0,0.6666666666666666,0.8333333333333334,0.3157894736842105,0.25,0.12765694770084507,4,0.0,0.9473684210526316,0.8,0.72,0.8235294117647058,0.6666666666666666,0.88,0.8,0.8235294117647058,0.8,0.13986013986013987,0.5,0.23353293413173654,20|1034-C40-1078-A01-1122-A01-1166-A01-1210-A01-1254-A01-1298-A-770-A-814-A01-858-A01-902-A01-942-A-946-C40-986-B21-987-A01-988-A01-989-C40-991-C40-992-A01-993-A01-994-A01-995-A01-996-A-,10,27,56669
0,19,20,1.0,0.9230769230769231,0.10078180081645664,0.0,1.0,0.8333333333333334,0.3157894736842105,0.25,0.12765694770084507,4,0.0,1.0,0.96,0.88,0.875,0.9333333333333333,0.96,0.88,0.875,0.9333333333333333,0.1282051282051282,1.0,0.2154696132596685,20|1034-C40-1078-A01-1122-A01-1166-A01-1210-A01-1254-A01-1298-A-770-A-814-A01-858-A01-902-A01-946-C40-985-A-986-A01-987-A01-988-A01-989-C40-991-C40-992-A01-993-A01-994-A01-995-A01-996-A-,10,27,56670
6,13,20,1.0,0.9090909090909091,0.10078180081645664,0.6,0.5,0.5555555555555556,0.2631578947368421,0.19736842105263158,0.12765694770084507,4,0.1111111111111111,0.6842105263157895,0.56,0.56,0.7777777777777778,0.47058823529411764,0.8,0.72,0.7777777777777778,0.7058823529411765,0.18181818181818182,0.3333333333333333,0.29770992366412213,20|1034-C40-1037-B-1078-A01-1122-A01-1166-A01-1210-A01-1254-A-814-A-858-A01-902-A01-946-C40-948-A-949-B21-950-B-986-A-987-A01-988-A01-989-C40-991-C40-992-A00-993-B001020-994-B0020-995-B-,10,27,56671
0,19,20,1.0,0.9230769230769231,0.10078180081645664,0.0,1.0,0.8333333333333334,0.3157894736842105,0.25,0.12765694770084507,4,0.0,1.0,0.96,0.88,0.875,0.9333333333333333,0.96,0.88,0.875,0.9333333333333333,0.1282051282051282,1.0,0.2154696132596685,20|1034-C40-1078-A00-1122-A00-1166-A00-1210-A00-1254-A00-1298-A-770-A-814-A00-858-A00-902-A00-946-C40-985-A-986-A00-987-A00-988-A00-989-C40-991-C40-992-A00-993-A00-994-A00-995-A00-996-A-,10,27,56672
8,11,20,1.0,0.9090909090909091,0.10078180081645664,0.6666666666666666,0.35714285714285715,0.7222222222222222,0.3157894736842105,0.23684210526315788,0.17213259316477408,4,0.0,0.5789473684210527,0.8,0.56,0.5555555555555556,0.5882352941176471,0.8,0.72,0.6666666666666666,0.7058823529411765,0.18181818181818182,0.16666666666666666,0.29770992366412213,20|1034-C40-1039-B-1078-A01-1122-A01-1165-B-1166-A00-1209-B20-1210-B0020-1254-B-814-B21-815-A-858-A01-902-A01-946-C40-986-B-987-A01-988-A01-989-C40-991-C40-992-A01-993-A01-994-A00-995-B20-,10,27,56673
6,13,20,1.0,1.0,0.0607737125462764,0.6,0.5,0.5555555555555556,0.2631578947368421,0.19736842105263158,0.12765694770084507,4,0.0,0.6842105263157895,0.88,0.72,0.6666666666666666,0.7777777777777778,0.88,0.72,0.6666666666666666,0.7777777777777778,0.2,0.3333333333333333,0.325,20|1034-C40-1038-A-1078-A01-1122-A01-1164-A-1165-A00-1166-B001121-1167-A-1209-A-1210-B21-814-B-858-A01-902-A01-946-C40-986-B-987-A01-988-A01-989-C40-991-C40-992-A01-993-A01-994-B0021-995-B-,10,27,56674
0,19,20,1.0,0.9230769230769231,0.05263157894736842,0.0,1.0,0.8333333333333334,0.2631578947368421,0.25,0.06666666666666667,4,0.0,1.0,0.96,0.96,1.0,0.9333333333333333,0.96,0.96,1.0,0.9333333333333333,0.1282051282051282,1.0,0.2154696132596685,20|1034-C40-1078-A01-1122-A01-1166-A01-1210-A01-1254-A-726-A-770-A01-814-A01-858-A01-902-A01-946-C40-985-A-986-A01-987-A01-988-A01-989-C40-991-C40-992-A01-993-A01-994-A01-995-A01-996-A-,10,27,56675
0,19,20,1.0,0.9230769230769231,0.10078180081645664,0.0,1.0,0.8333333333333334,0.3157894736842105,0.25,0.12765694770084507,4,0.0,1.0,0.96,0.88,0.875,0.9333333333333333,0.96,0.88,0.875,0.9333333333333333,0.1282051282051282,1.0,0.2154696132596685,20|1034-C40-1078-A01-1122-A01-1166-A01-1210-A01-1254-A01-1298-A-770-A-814-A01-858-A01-902-A01-946-C40-985-A-986-A01-987-A01-988-A01-989-C40-991-C40-992-A01-993-A01-994-A01-995-A01-996-A-,10,27,56676
4,15,20,1.0,0.8461538461538461,0.10526315789473684,0.75,0.4166666666666667,0.7222222222222222,0.3157894736842105,0.23684210526315788,0.13333333333333333,4,0.0,0.7894736842105263,0.8,0.8,0.8235294117647058,0.8,0.88,0.88,0.8235294117647058,0.9333333333333333,0.13986013986013987,0.2,0.23353293413173654,20|1034-C40-1078-A01-1122-A01-1166-A01-1210-A01-1254-B0020-1255-B-1298-B-770-A-814-A01-858-A01-902-A01-946-C40-985-A-986-A01-987-A01-988-A01-989-C40-991-C40-992-A01-993-A01-994-A00-995-B-,10,27,56677
0,19,20,1.0,0.9230769230769231,0.05263157894736842,0.0,1.0,0.8333333333333334,0.2631578947368421,0.25,0.06666666666666667,4,0.0,1.0,0.96,0.96,0.9333333333333333,1.0,0.96,0.96,0.9333333333333333,1.0,0.1282051282051282,1.0,0.2154696132596685,20|1034-C40-1078-A01-1122-A01-1166-A01-1210-A01-1254-A-770-A-814-A01-858-A01-902-A01-946-C40-984-A-985-A01-986-A01-987-A01-988-A01-989-C40-991-C40-992-A01-993-A01-994-A01-995-A01-996-A-,10,27,56678
13,6,20,1.0,1.0,0.0607737125462764,0.8,0.7142857142857143,0.3333333333333333,0.21052631578947367,0.17105263157894737,0.12765694770084507,4,0.4444444444444444,0.3157894736842105,0.8,0.64,0.6,0.7,0.8,0.64,0.6,0.7,0.3125,0.6666666666666666,0.4875,20|1031-B-1034-C40-1037-B-1078-A00-1079-A-1121-B-1122-B001020-1123-B001021-1124-B-1166-B-1167-B-858-B-902-A00-946-C40-948-A-949-B21-987-B20-988-A00-989-C40-991-C40-992-A00-993-B001020-994-B-,10,27,56679
0,19,20,1.0,0.9230769230769231,0.10078180081645664,0.0,1.0,0.8333333333333334,0.3157894736842105,0.25,0.12765694770084507,4,0.0,1.0,0.96,0.88,0.875,0.9333333333333333,0.96,0.88,0.875,0.9333333333333333,0.1282051282051282,1.0,0.2154696132596685,20|1034-C40-1078-A01-1122-A01-1166-A01-1210-A01-1254-A01-1298-A-770-A-814-A01-858-A01-902-A01-946-C40-985-A-986-A01-987-A01-988-A01-989-C40-991-C40-992-A01-993-A01-994-A01-995-A01-996-A-,10,27,56680
0,19,20,1.0,0.9230769230769231,0.10078180081645664,0.0,1.0,0.8333333333333334,0.3157894736842105,0.25,0.12765694770084507,4,0.0,1.0,0.96,0.88,0.875,0.9333333333333333,0.96,0.88,0.875,0.9333333333333333,0.1282051282051282,1.0,0.2154696132596685,20|1034-C40-1078-A00-1122-A01-1166-A01-1210-A01-1254-A01-1298-A-770-A-814-A01-858-A01-902-A00-946-C40-985-A-986-A01-987-A01-988-A00-989-C40-991-C40-992-A00-993-A01-994-A01-995-A01-996-A-,10,27,56681
0,19,20,1.0,0.9230769230769231,0.10078180081645664,0.0,1.0,0.8333333333333334,0.3157894736842105,0.25,0.12765694770084507,4,0.0,1.0,0.96,0.88,0.875,0.9333333333333333,0.96,0.88,0.875,0.9333333333333333,0.1282051282051282,1.0,0.2154696132596685,20|1034-C40-1078-A01-1122-A00-1166-A01-1210-A01-1254-A01-1298-A-770-A-814-A01-858-A00-902-A01-946-C40-985-A-986-A01-987-A00-988-A01-989-C40-991-C40-992-A01-993-A00-994-A01-995-A01-996-A-,10,27,56682
0,16,17,0.85,1.0,0.0,0.0,1.0,0.8,0.25,0.25,0.0,4,0.0,1.0,1.0,1.0,1.0,1.0,1.0,1.0,1.0,1.0,0.14049586776859505,1.0,0.24475524475524477,17|551-A-589-A00-627-A00-665-A00-703-C40-736-A-737-A00-738-A00-739-A00-740-C40-742-C40-743-A00-744-A00-745-A00-746-A-779-C40-817-A00-855-A00-893-A00-931-A-,10,27,56683
2,17,20,1.0,0.8461538461538461,0.13589415249850587,0.5,0.625,0.7222222222222222,0.3157894736842105,0.23684210526315788,0.17213259316477408,4,0.0,0.8947368421052632,0.88,0.8,0.8235294117647058,0.8,0.88,0.8,0.8235294117647058,0.8,0.13986013986013987,0.3333333333333333,0.23353293413173654,20|1034-C40-1078-A01-1122-A01-1166-A01-1210-A01-1254-B0121-1255-A-1298-A-770-A-814-A01-858-A01-902-A01-946-C40-986-A-987-A01-988-A01-989-C40-991-C40-992-A01-993-A01-994-A01-995-A01-996-B-,10,27,56684
1,18,20,1.0,0.8461538461538461,0.13589415249850587,0.0,0.8333333333333334,0.7222222222222222,0.3157894736842105,0.23684210526315788,0.17213259316477408,4,0.1111111111111111,0.9473684210526316,0.8,0.72,0.8235294117647058,0.6666666666666666,0.88,0.8,0.8235294117647058,0.8,0.13986013986013987,0.5,0.23353293413173654,20|1031-A-1034-C40-1078-A00-1122-A01-1166-A01-1210-A01-1254-A01-1298-A-770-A-814-A01-858-A01-902-A01-946-C40-986-A-987-B0021-988-A00-989-C40-991-C40-992-A01-993-A01-994-A01-995-A01-996-A-,10,27,56685
4,15,20,1.0,0.9166666666666666,0.05263157894736842,0.5,0.4166666666666667,0.7222222222222222,0.2631578947368421,0.23684210526315788,0.0769800358919501,4,0.0,0.7894736842105263,0.72,0.72,0.8235294117647058,0.625,0.88,0.88,0.8235294117647058,0.875,0.15151515151515152,0.2,0.25161290322580643,20|1034-C40-1078-A01-1122-A01-1166-A01-1210-A01-1254-B-770-A-814-A01-858-A01-902-A01-941-A-942-B-946-C40-985-B20-986-B0020-987-A01-988-A01-989-C40-991-C40-992-A01-993-A01-994-A01-995-A-,10,27,56686
0,19,20,1.0,0.9230769230769231,0.10078180081645664,0.0,1.0,0.8333333333333334,0.3157894736842105,0.25,0.12765694770084507,4,0.0,1.0,0.96,0.88,0.875,0.9333333333333333,0.96,0.88,0.875,0.9333333333333333,0.1282051282051282,1.0,0.2154696132596685,20|1034-C40-1078-A01-1122-A01-1166-A01-1210-A01-1254-A01-1298-A-770-A-814-A01-858-A01-902-A01-946-C40-985-A-986-A01-987-A01-988-A01-989-C40-991-C40-992-A01-993-A01-994-A01-995-A01-996-A-,10,27,56687
0,19,20,1.0,0.9230769230769231,0.10078180081645664,0.0,1.0,0.8333333333333334,0.3157894736842105,0.25,0.12765694770084507,4,0.0,1.0,0.96,0.88,0.875,0.9333333333333333,0.96,0.88,0.875,0.9333333333333333,0.1282051282051282,1.0,0.2154696132596685,20|1034-C40-1078-A01-1122-A01-1166-A01-1210-A01-1254-A01-1298-A-770-A-814-A01-858-A01-902-A01-946-C40-985-A-986-A01-987-A01-988-A01-989-C40-991-C40-992-A01-993-A01-994-A01-995-A01-996-A-,10,27,56688
0,19,20,1.0,0.9230769230769231,0.10078180081645664,0.0,1.0,0.8333333333333334,0.3157894736842105,0.25,0.12765694770084507,4,0.0,1.0,0.96,0.88,0.875,0.9333333333333333,0.96,0.88,0.875,0.9333333333333333,0.1282051282051282,1.0,0.2154696132596685,20|1034-C40-1078-A01-1122-A01-1166-A01-1210-A01-1254-A01-1298-A-770-A-814-A01-858-A01-902-A01-946-C40-985-A-986-A01-987-A01-988-A01-989-C40-991-C40-992-A01-993-A01-994-A01-995-A01-996-A-,10,27,56689
0,19,20,1.0,0.9230769230769231,0.10078180081645664,0.0,1.0,0.8333333333333334,0.3157894736842105,0.25,0.12765694770084507,4,0.0,1.0,0.96,0.88,0.875,0.9333333333333333,0.96,0.88,0.875,0.9333333333333333,0.1282051282051282,1.0,0.2154696132596685,20|1034-C40-1078-A01-1122-A01-1166-A01-1210-A01-1254-A01-1298-A-770-A-814-A01-858-A01-902-A01-946-C40-985-A-986-A01-987-A01-988-A01-989-C40-991-C40-992-A01-993-A01-994-A01-995-A01-996-A-,10,27,56690
2,17,20,1.0,0.8461538461538461,0.13589415249850587,0.5,0.625,0.7222222222222222,0.3157894736842105,0.23684210526315788,0.17213259316477408,4,0.0,0.8947368421052632,0.88,0.8,0.8235294117647058,0.8,0.88,0.8,0.8235294117647058,0.8,0.13986013986013987,0.3333333333333333,0.23353293413173654,20|1034-C40-1078-A01-1122-A01-1166-A01-1210-A01-1254-B0121-1255-A-1298-A-770-A-814-A01-858-A01-902-A01-946-C40-986-A-987-A01-988-A01-989-C40-991-C40-992-A01-993-A01-994-A01-995-A01-996-B-,10,27,56691
0,19,20,1.0,0.9230769230769231,0.10078180081645664,0.0,1.0,0.8333333333333334,0.3157894736842105,0.25,0.12765694770084507,4,0.0,1.0,0.96,0.88,0.875,0.9333333333333333,0.96,0.88,0.875,0.9333333333333333,0.1282051282051282,1.0,0.2154696132596685,20|1034-C40-1078-A01-1122-A01-1166-A01-1210-A01-1254-A01-1298-A-770-A-814-A01-858-A01-902-A01-946-C40-985-A-986-A01-987-A01-988-A01-989-C40-991-C40-992-A01-993-A01-994-A01-995-A01-996-A-,10,27,56692
0,19,20,1.0,0.9230769230769231,0.10078180081645664,0.0,1.0,0.8333333333333334,0.3157894736842105,0.25,0.12765694770084507,4,0.0,1.0,0.96,0.88,0.875,0.9333333333333333,0.96,0.88,0.875,0.9333333333333333,0.1282051282051282,1.0,0.2154696132596685,20|1034-C40-1078-A00-1122-A00-1166-A00-1210-A00-1254-A00-1298-A-770-A-814-A00-858-A00-902-A00-946-C40-985-A-986-A00-987-A00-988-A00-989-C40-991-C40-992-A00-993-A00-994-A00-995-A00-996-A-,10,27,56693
11,8,20,1.0,0.8181818181818182,0.13589415249850587,0.875,0.5714285714285714,0.4444444444444444,0.2631578947368421,0.18421052631578946,0.17213259316477408,4,0.1111111111111111,0.42105263157894735,0.72,0.56,0.631578947368421,0.5882352941176471,0.8,0.64,0.631578947368421,0.7058823529411765,0.20202020202020202,0.3333333333333333,0.3277310924369748,20|1034-C40-1038-B-1078-A01-1121-B-1122-A01-1165-B20-1166-B001020-1167-B-1209-B-1210-B0120-1254-A-814-B-858-A01-902-A01-946-C40-987-B-988-A00-989-C40-991-C40-992-A01-993-A01-994-B0020-995-B-,10,27,56694
0,19,20,1.0,0.9230769230769231,0.10078180081645664,0.0,1.0,0.8333333333333334,0.3157894736842105,0.25,0.12765694770084507,4,0.0,1.0,0.96,0.88,0.875,0.9333333333333333,0.96,0.88,0.875,0.9333333333333333,0.1282051282051282,1.0,0.2154696132596685,20|1034-C40-1078-A00-1122-A00-1166-A00-1210-A00-1254-A00-1298-A-770-A-814-A00-858-A00-902-A00-946-C40-985-A-986-A00-987-A00-988-A00-989-C40-991-C40-992-A00-993-A00-994-A00-995-A00-996-A-,10,27,56695
0,19,20,1.0,0.9230769230769231,0.05263157894736842,0.0,1.0,0.8333333333333334,0.2631578947368421,0.25,0.06666666666666667,4,0.0,1.0,0.96,0.96,1.0,0.9333333333333333,0.96,0.96,1.0,0.9333333333333333,0.1282051282051282,1.0,0.2154696132596685,20|1034-C40-1078-A01-1122-A01-1166-A01-1210-A01-1254-A-726-A-770-A01-814-A01-858-A01-902-A01-946-C40-985-A-986-A01-987-A01-988-A01-989-C40-991-C40-992-A01-993-A01-994-A01-995-A01-996-A-,10,27,56696
0,19,20,1.0,0.9230769230769231,0.10078180081645664,0.0,1.0,0.8333333333333334,0.3157894736842105,0.25,0.12765694770084507,4,0.0,1.0,0.96,0.88,0.875,0.9333333333333333,0.96,0.88,0.875,0.9333333333333333,0.1282051282051282,1.0,0.2154696132596685,20|1034-C40-1078-A01-1122-A01-1166-A01-1210-A01-1254-A01-1298-A-770-A-814-A01-858-A01-902-A01-946-C40-985-A-986-A01-987-A01-988-A01-989-C40-991-C40-992-A01-993-A01-994-A01-995-A01-996-A-,10,27,56697
4,15,20,1.0,0.9,0.05263157894736842,0.25,0.5,0.6666666666666666,0.2631578947368421,0.21052631578947367,0.1539600717839002,4,0.1111111111111111,0.7894736842105263,0.56,0.5833333333333334,0.7368421052631579,0.4444444444444444,0.72,0.75,0.7368421052631579,0.6666666666666666,0.2222222222222222,0.4,0.3577981651376147,20|1034-C40-1037-A-1078-A01-1122-A01-1166-A00-1209-A-1210-B21-814-A-858-A01-861-A-902-A01-905-A01-946-C40-949-A00-950-B-986-A-987-A01-988-A01-989-C40-991-C40-992-A00-993-B001121-994-B20-,10,27,56698
0,19,20,1.0,0.9230769230769231,0.10078180081645664,0.0,1.0,0.8333333333333334,0.3157894736842105,0.25,0.12765694770084507,4,0.0,1.0,0.96,0.88,0.875,0.9333333333333333,0.96,0.88,0.875,0.9333333333333333,0.1282051282051282,1.0,0.2154696132596685,20|1034-C40-1078-A01-1122-A01-1166-A01-1210-A01-1254-A01-1298-A-770-A-814-A01-858-A01-902-A01-946-C40-985-A-986-A01-987-A01-988-A01-989-C40-991-C40-992-A01-993-A01-994-A01-995-A01-996-A-,10,27,56699
5,14,20,1.0,0.8888888888888888,0.10078180081645664,0.5,0.5714285714285714,0.5,0.2631578947368421,0.18421052631578946,0.17213259316477408,4,0.4444444444444444,0.7368421052631579,0.8333333333333334,0.64,0.7,0.631578947368421,0.8333333333333334,0.64,0.7,0.631578947368421,0.2777777777777778,0.5,0.43820224719101125,20|1034-C40-1037-A-1078-A00-1121-A-1122-B011121-1123-A00-1124-A01-1125-B-1166-A01-1210-A-857-A-858-B21-902-A00-905-A-946-C40-949-A00-987-B-988-A00-989-C40-991-C40-992-A00-993-B011121-994-A-,10,27,56700
6,13,20,1.0,0.8461538461538461,0.13589415249850587,0.6,0.35714285714285715,0.7222222222222222,0.3157894736842105,0.23684210526315788,0.17213259316477408,4,0.1111111111111111,0.6842105263157895,0.72,0.48,0.5882352941176471,0.5333333333333333,0.88,0.8,0.8235294117647058,0.8,0.13986013986013987,0.16666666666666666,0.23353293413173654,20|1031-A-1034-C40-1078-A01-1122-A01-1166-A01-1210-A01-1254-B00-1298-B-770-B-814-B00-858-A01-902-A01-946-C40-986-B-987-B0021-988-A00-989-C40-991-C40-992-A01-993-A01-994-A01-995-A01-996-A-,10,28,56701
0,19,20,1.0,0.9230769230769231,0.10078180081645664,0.0,1.0,0.8333333333333334,0.3157894736842105,0.25,0.12765694770084507,4,0.0,1.0,0.96,0.88,0.875,0.9333333333333333,0.96,0.88,0.875,0.9333333333333333,0.1282051282051282,1.0,0.2154696132596685,20|1034-C40-1078-A01-1122-A01-1166-A01-1210-A01-1254-A01-1298-A-770-A-814-A01-858-A01-902-A01-946-C40-985-A-986-A01-987-A01-988-A01-989-C40-991-C40-992-A01-993-A01-994-A01-995-A01-996-A-,10,28,56702
0,19,20,1.0,0.9230769230769231,0.10078180081645664,0.0,1.0,0.8333333333333334,0.3157894736842105,0.25,0.12765694770084507,4,0.0,1.0,0.96,0.88,0.875,0.9333333333333333,0.96,0.88,0.875,0.9333333333333333,0.1282051282051282,1.0,0.2154696132596685,20|1034-C40-1078-A01-1122-A00-1166-A01-1210-A00-1254-A01-1298-A-770-A-814-A01-858-A00-902-A01-946-C40-985-A-986-A01-987-A00-988-A01-989-C40-991-C40-992-A01-993-A00-994-A01-995-A00-996-A-,10,28,56703
0,19,20,1.0,0.9230769230769231,0.05263157894736842,0.0,1.0,0.8333333333333334,0.2631578947368421,0.25,0.06666666666666667,4,0.0,1.0,0.96,0.96,0.9333333333333333,1.0,0.96,0.96,0.9333333333333333,1.0,0.1282051282051282,1.0,0.2154696132596685,20|1034-C40-1078-A01-1122-A01-1166-A01-1210-A01-1254-A-770-A-814-A01-858-A01-902-A01-946-C40-984-A-985-A01-986-A01-987-A01-988-A01-989-C40-991-C40-992-A01-993-A01-994-A01-995-A01-996-A-,10,28,56704
0,19,20,1.0,0.9230769230769231,0.10078180081645664,0.0,1.0,0.8333333333333334,0.3157894736842105,0.25,0.12765694770084507,4,0.0,1.0,0.96,0.88,0.875,0.9333333333333333,0.96,0.88,0.875,0.9333333333333333,0.1282051282051282,1.0,0.2154696132596685,20|1034-C40-1078-A01-1122-A01-1166-A01-1210-A01-1254-A01-1298-A-770-A-814-A01-858-A01-902-A01-946-C40-985-A-986-A01-987-A01-988-A01-989-C40-991-C40-992-A01-993-A01-994-A01-995-A01-996-A-,10,28,56705
10,9,20,1.0,0.9,0.10078180081645664,0.75,0.5714285714285714,0.4444444444444444,0.2631578947368421,0.18421052631578946,0.17213259316477408,4,0.0,0.4736842105263158,0.8,0.64,0.631578947368421,0.6666666666666666,0.8,0.64,0.631578947368421,0.6666666666666666,0.2222222222222222,0.3333333333333333,0.3577981651376147,20|1034-C40-1038-B-1078-A01-1121-A-1122-A01-1164-B-1165-B0020-1166-B001020-1167-B-1209-B-1210-B20-814-B-858-A01-902-A01-946-C40-987-A-988-A01-989-C40-991-C40-992-A01-993-A01-994-B0020-995-B-,10,28,56706
0,19,20,1.0,0.9230769230769231,0.10078180081645664,0.0,1.0,0.8333333333333334,0.3157894736842105,0.25,0.12765694770084507,4,0.0,1.0,0.96,0.88,0.875,0.9333333333333333,0.96,0.88,0.875,0.9333333333333333,0.1282051282051282,1.0,0.2154696132596685,20|1034-C40-1078-A01-1122-A01-1166-A01-1210-A01-1254-A01-1298-A-770-A-814-A01-858-A01-902-A01-946-C40-985-A-986-A01-987-A01-988-A01-989-C40-991-C40-992-A01-993-A01-994-A01-995-A01-996-A-,10,28,56707
0,19,20,1.0,0.9230769230769231,0.10078180081645664,0.0,1.0,0.8333333333333334,0.3157894736842105,0.25,0.12765694770084507,4,0.0,1.0,0.96,0.88,0.875,0.9333333333333333,0.96,0.88,0.875,0.9333333333333333,0.1282051282051282,1.0,0.2154696132596685,20|1034-C40-1078-A01-1122-A01-1166-A01-1210-A01-1254-A01-1298-A-770-A-814-A01-858-A01-902-A01-946-C40-985-A-986-A01-987-A01-988-A01-989-C40-991-C40-992-A01-993-A01-994-A01-995-A01-996-A-,10,28,56708
0,16,17,0.85,1.0,0.0,0.0,1.0,0.8,0.25,0.25,0.0,4,0.0,1.0,1.0,1.0,1.0,1.0,1.0,1.0,1.0,1.0,0.14049586776859505,1.0,0.24475524475524477,17|551-A-589-A00-627-A00-665-A00-703-C40-736-A-737-A00-738-A00-739-A00-740-C40-742-C40-743-A00-744-A00-745-A00-746-A-779-C40-817-A00-855-A00-893-A00-931-A-,10,28,56709
0,19,20,1.0,0.9230769230769231,0.05263157894736842,0.0,1.0,0.8333333333333334,0.2631578947368421,0.25,0.06666666666666667,4,0.0,1.0,0.96,0.96,1.0,0.9333333333333333,0.96,0.96,1.0,0.9333333333333333,0.1282051282051282,1.0,0.2154696132596685,20|1034-C40-1078-A01-1122-A01-1166-A01-1210-A01-1254-A-726-A-770-A01-814-A01-858-A01-902-A01-946-C40-985-A-986-A01-987-A01-988-A01-989-C40-991-C40-992-A01-993-A01-994-A01-995-A01-996-A-,10,28,56710
0,19,20,1.0,0.9230769230769231,0.10078180081645664,0.0,1.0,0.8333333333333334,0.3157894736842105,0.25,0.12765694770084507,4,0.0,1.0,0.96,0.88,0.875,0.9333333333333333,0.96,0.88,0.875,0.9333333333333333,0.1282051282051282,1.0,0.2154696132596685,20|1034-C40-1078-A01-1122-A01-1166-A01-1210-A01-1254-A01-1298-A-770-A-814-A01-858-A01-902-A01-946-C40-985-A-986-A01-987-A01-988-A01-989-C40-991-C40-992-A01-993-A01-994-A01-995-A01-996-A-,10,28,56711
2,17,20,1.0,0.9230769230769231,0.10078180081645664,1.0,0.5,0.8333333333333334,0.3157894736842105,0.25,0.12765694770084507,4,0.0,0.8947368421052632,0.96,0.72,0.75,0.8,0.96,0.88,0.875,0.9333333333333333,0.1282051282051282,0.3333333333333333,0.2154696132596685,20|1034-C40-1078-A01-1122-A01-1166-A01-1210-A01-1254-A01-1298-A-770-B-814-A00-858-A01-902-A01-946-C40-985-B-986-A00-987-A01-988-A01-989-C40-991-C40-992-A01-993-A01-994-A01-995-A01-996-A-,10,28,56712
0,19,20,1.0,0.9230769230769231,0.10078180081645664,0.0,1.0,0.8333333333333334,0.3157894736842105,0.25,0.12765694770084507,4,0.0,1.0,0.96,0.88,0.875,0.9333333333333333,0.96,0.88,0.875,0.9333333333333333,0.1282051282051282,1.0,0.2154696132596685,20|1034-C40-1078-A01-1122-A01-1166-A01-1210-A01-1254-A01-1298-A-770-A-814-A01-858-A01-902-A01-946-C40-985-A-986-A01-987-A01-988-A01-989-C40-991-C40-992-A01-993-A01-994-A01-995-A01-996-A-,10,28,56713
0,19,20,1.0,0.9230769230769231,0.05263157894736842,0.0,1.0,0.8333333333333334,0.2631578947368421,0.25,0.06666666666666667,4,0.0,1.0,0.96,0.96,1.0,0.9333333333333333,0.96,0.96,1.0,0.9333333333333333,0.1282051282051282,1.0,0.2154696132596685,20|1034-C40-1078-A00-1122-A00-1166-A00-1210-A00-1254-A-726-A-770-A00-814-A00-858-A00-902-A00-946-C40-985-A-986-A00-987-A00-988-A00-989-C40-991-C40-992-A00-993-A00-994-A00-995-A00-996-A-,10,28,56714
1,18,20,1.0,0.9230769230769231,0.10078180081645664,1.0,0.6666666666666666,0.8333333333333334,0.3157894736842105,0.25,0.12765694770084507,4,0.0,0.9473684210526316,0.96,0.88,0.875,0.9333333333333333,0.96,0.88,0.875,0.9333333333333333,0.1282051282051282,0.5,0.2154696132596685,20|1034-C40-1078-A01-1122-A01-1166-A01-1210-A01-1254-A00-1298-B-770-A-814-A01-858-A01-902-A01-946-C40-985-A-986-A01-987-A01-988-A01-989-C40-991-C40-992-A01-993-A01-994-A01-995-A01-996-A-,10,28,56715
0,19,20,1.0,0.9230769230769231,0.10078180081645664,0.0,1.0,0.8333333333333334,0.3157894736842105,0.25,0.12765694770084507,4,0.0,1.0,0.96,0.88,0.875,0.9333333333333333,0.96,0.88,0.875,0.9333333333333333,0.1282051282051282,1.0,0.2154696132596685,20|1034-C40-1078-A01-1122-A01-1166-A01-1210-A01-1254-A01-1298-A-770-A-814-A01-858-A01-902-A01-946-C40-985-A-986-A01-987-A01-988-A01-989-C40-991-C40-992-A01-993-A01-994-A01-995-A01-996-A-,10,28,56716
11,8,20,1.0,0.9090909090909091,0.05263157894736842,1.0,0.5714285714285714,0.5,0.21052631578947367,0.19736842105263158,0.06666666666666667,4,0.0,0.42105263157894735,0.96,0.8,0.8888888888888888,0.8235294117647058,0.96,0.8,0.8888888888888888,0.8235294117647058,0.18181818181818182,0.5,0.29770992366412213,20|1034-C40-1038-B-1078-A00-1122-A00-1165-B-1166-B001020-1167-B-1210-B-770-B-814-B00-858-A00-902-A00-946-C40-950-B-986-B-987-A00-988-A00-989-C40-991-C40-992-A00-993-A00-994-B001020-995-B-,10,28,56717
3,16,20,1.0,0.9090909090909091,0.10078180081645664,0.0,0.5,0.7222222222222222,0.3157894736842105,0.23684210526315788,0.17213259316477408,4,0.0,0.8421052631578947,0.64,0.72,0.5555555555555556,0.5882352941176471,0.8,0.72,0.6666666666666666,0.7058823529411765,0.18181818181818182,0.25,0.29770992366412213,20|1034-C40-1038-A01-1078-A01-1082-A-1122-A01-1166-A01-1210-A01-1254-B21-1255-A-814-B21-815-A-858-A01-902-A01-946-C40-986-A-987-A01-988-A01-989-C41-991-C40-992-A01-993-A01-994-B0121-995-A-,10,28,56718
4,15,20,1.0,0.9090909090909091,0.05263157894736842,0.5,0.4166666666666667,0.7222222222222222,0.3157894736842105,0.23684210526315788,0.17213259316477408,4,0.0,0.7894736842105263,0.8,0.8,0.7777777777777778,0.7058823529411765,0.88,0.8,0.7777777777777778,0.8235294117647058,0.18181818181818182,0.2,0.29770992366412213,20|1034-C40-1039-A-1078-A01-1122-A01-1166-A00-1208-A-1209-A00-1210-B1021-1211-B-770-B-814-A00-858-A01-902-A01-946-C40-986-A-987-A01-988-A01-989-C40-991-C40-992-A01-993-A01-994-A00-995-B21-,10,28,56719
0,19,20,1.0,0.9230769230769231,0.10078180081645664,0.0,1.0,0.8333333333333334,0.3157894736842105,0.25,0.12765694770084507,4,0.0,1.0,0.96,0.88,0.875,0.9333333333333333,0.96,0.88,0.875,0.9333333333333333,0.1282051282051282,1.0,0.2154696132596685,20|1034-C40-1078-A01-1122-A01-1166-A01-1210-A01-1254-A01-1298-A-770-A-814-A01-858-A01-902-A01-946-C40-985-A-986-A01-987-A01-988-A01-989-C40-991-C40-992-A01-993-A01-994-A01-995-A01-996-A-,10,28,56720
0,19,20,1.0,0.9230769230769231,0.10078180081645664,0.0,1.0,0.8333333333333334,0.3157894736842105,0.25,0.12765694770084507,4,0.0,1.0,0.96,0.88,0.875,0.9333333333333333,0.96,0.88,0.875,0.9333333333333333,0.1282051282051282,1.0,0.2154696132596685,20|1034-C40-1078-A01-1122-A01-1166-A01-1210-A01-1254-A01-1298-A-770-A-814-A01-858-A01-902-A01-946-C40-985-A-986-A01-987-A01-988-A01-989-C40-991-C40-992-A01-993-A01-994-A01-995-A01-996-A-,10,28,56721
3,16,20,1.0,0.8333333333333334,0.08594700851870801,0.3333333333333333,0.5,0.7222222222222222,0.3157894736842105,0.23684210526315788,0.17213259316477408,4,0.0,0.8421052631578947,0.8,0.8,0.7777777777777778,0.75,0.8,0.8,0.7777777777777778,0.75,0.16666666666666666,0.25,0.2746478873239437,20|1034-C40-1039-A-1078-A01-1122-A01-1166-A00-1208-A-1209-A01-1210-B0121-1254-A-770-B-814-A00-858-A01-902-A01-946-C40-986-A-987-A01-988-A01-989-C40-991-C40-992-A01-993-A01-994-A00-995-B21-,10,28,56722
3,16,20,1.0,0.9090909090909091,0.10078180081645664,0.3333333333333333,0.7,0.5555555555555556,0.2631578947368421,0.19736842105263158,0.12765694770084507,4,0.0,0.8421052631578947,0.8,0.64,0.6666666666666666,0.7058823529411765,0.88,0.72,0.6666666666666666,0.8235294117647058,0.18181818181818182,0.5,0.29770992366412213,20|1034-C40-1038-A-1078-A01-1122-A01-1164-A-1165-A00-1166-B011121-1167-A-1210-A01-1254-A-814-B-858-A01-902-A01-946-C40-986-A-987-A00-988-A01-989-C40-991-C40-992-A01-993-A01-994-B0121-995-A-,10,28,56723
0,19,20,1.0,0.9230769230769231,0.05263157894736842,0.0,1.0,0.8333333333333334,0.2631578947368421,0.25,0.06666666666666667,4,0.0,1.0,0.96,0.96,1.0,0.9333333333333333,0.96,0.96,1.0,0.9333333333333333,0.1282051282051282,1.0,0.2154696132596685,20|1034-C40-1078-A01-1122-A01-1166-A01-1210-A01-1254-A-726-A-770-A01-814-A01-858-A01-902-A01-946-C40-985-A-986-A01-987-A01-988-A01-989-C40-991-C40-992-A01-993-A01-994-A01-995-A01-996-A-,10,28,56724
0,19,20,1.0,0.9230769230769231,0.10078180081645664,0.0,1.0,0.8333333333333334,0.3157894736842105,0.25,0.12765694770084507,4,0.0,1.0,0.96,0.88,0.875,0.9333333333333333,0.96,0.88,0.875,0.9333333333333333,0.1282051282051282,1.0,0.2154696132596685,20|1034-C40-1078-A01-1122-A01-1166-A01-1210-A01-1254-A01-1298-A-770-A-814-A01-858-A01-902-A01-946-C40-985-A-986-A01-987-A01-988-A01-989-C40-991-C40-992-A01-993-A01-994-A01-995-A01-996-A-,10,28,56725
3,16,20,1.0,0.9166666666666666,0.10078180081645664,0.3333333333333333,0.4,0.8333333333333334,0.3157894736842105,0.25,0.12765694770084507,4,0.0,0.8421052631578947,0.8,0.72,0.8235294117647058,0.625,0.88,0.8,0.8235294117647058,0.75,0.15151515151515152,0.25,0.25161290322580643,20|1034-C40-1078-A01-1122-A01-1166-A01-1210-A01-1254-B21-1255-A-770-A-814-A01-858-A01-902-A01-942-A-946-C40-986-B21-987-A01-988-A01-989-C40-991-C40-992-A01-993-A01-994-A01-995-A01-996-B-,10,28,56726
0,19,20,1.0,0.9230769230769231,0.10078180081645664,0.0,1.0,0.8333333333333334,0.3157894736842105,0.25,0.12765694770084507,4,0.0,1.0,0.96,0.88,0.875,0.9333333333333333,0.96,0.88,0.875,0.9333333333333333,0.1282051282051282,1.0,0.2154696132596685,20|1034-C40-1078-A01-1122-A01-1166-A01-1210-A01-1254-A01-1298-A-770-A-814-A01-858-A01-902-A01-946-C40-985-A-986-A01-987-A01-988-A01-989-C40-991-C40-992-A01-993-A01-994-A01-995-A01-996-A-,10,28,56727
4,15,20,1.0,0.8461538461538461,0.10526315789473684,0.75,0.3333333333333333,0.8333333333333334,0.2631578947368421,0.25,0.06666666666666667,4,0.0,0.7894736842105263,0.8,0.8,0.9411764705882353,0.6666666666666666,0.88,0.88,0.9411764705882353,0.8,0.13986013986013987,0.2,0.23353293413173654,20|1034-C40-1078-A01-1122-A01-1166-A01-1210-A01-1254-B-726-B-770-A01-814-A01-858-A01-902-A01-942-A-946-C40-986-B21-987-A01-988-A01-989-C40-991-C40-992-A01-993-A01-994-A01-995-A01-996-B-,10,28,56728
0,19,20,1.0,0.9230769230769231,0.10078180081645664,0.0,1.0,0.8333333333333334,0.3157894736842105,0.25,0.12765694770084507,4,0.0,1.0,0.96,0.88,0.875,0.9333333333333333,0.96,0.88,0.875,0.9333333333333333,0.1282051282051282,1.0,0.2154696132596685,20|1034-C40-1078-A01-1122-A01-1166-A01-1210-A01-1254-A01-1298-A-770-A-814-A01-858-A01-902-A01-946-C40-985-A-986-A01-987-A01-988-A01-989-C40-991-C40-992-A01-993-A01-994-A01-995-A01-996-A-,10,28,56729
0,19,20,1.0,0.9230769230769231,0.10078180081645664,0.0,1.0,0.8333333333333334,0.3157894736842105,0.25,0.12765694770084507,4,0.0,1.0,0.96,0.88,0.875,0.9333333333333333,0.96,0.88,0.875,0.9333333333333333,0.1282051282051282,1.0,0.2154696132596685,20|1034-C40-1078-A01-1122-A01-1166-A01-1210-A01-1254-A01-1298-A-770-A-814-A01-858-A01-902-A01-946-C40-985-A-986-A01-987-A01-988-A01-989-C40-991-C40-992-A01-993-A01-994-A01-995-A01-996-A-,10,28,56730
5,14,20,1.0,0.8,0.08594700851870801,0.25,0.5714285714285714,0.5,0.2631578947368421,0.18421052631578946,0.17213259316477408,4,0.1111111111111111,0.7368421052631579,0.6666666666666666,0.48,0.4,0.6666666666666666,0.75,0.64,0.6,0.6666666666666666,0.25,0.5,0.3979591836734694,20|1034-C40-1038-A-1078-A00-1079-A-1121-B-1122-B001020-1123-B011121-1124-A01-1125-A-1166-B01-1167-A-1210-A-814-A-858-A01-902-A01-946-C40-987-A-988-A01-989-C40-991-C40-992-A01-993-A01-994-B21-,10,28,56731
3,16,20,1.0,0.8,0.08594700851870801,0.3333333333333333,0.8,0.5,0.2631578947368421,0.18421052631578946,0.17213259316477408,4,0.1111111111111111,0.8421052631578947,0.48,0.48,0.8,0.5555555555555556,0.64,0.64,0.8,0.6666666666666666,0.25,0.75,0.3979591836734694,20|1034-C40-1037-A01-1078-A01-1081-A-1122-A01-1164-A-1165-A00-1166-B011121-1167-A-1210-A-814-B-858-A01-902-A01-905-A-946-C40-949-A00-987-A-988-A01-989-C40-991-C40-992-A00-993-B011121-994-A-,10,28,56732
7,12,20,1.0,1.0,0.0607737125462764,0.5,0.5714285714285714,0.5,0.2631578947368421,0.18421052631578946,0.17213259316477408,4,0.4444444444444444,0.631578947368421,0.6666666666666666,0.56,0.5,0.5,0.8333333333333334,0.64,0.7,0.6,0.3125,0.5,0.4875,20|1034-C40-1037-B-1077-B-1078-A00-1121-B10-1122-B011021-1123-A01-1124-A01-1125-A-1166-A-857-A-858-B21-902-A00-905-A-946-C40-949-A01-987-B-988-A00-989-C40-991-C40-992-A00-993-B011021-994-A-,10,28,56733
5,14,20,1.0,0.9090909090909091,0.10078180081645664,0.75,0.42857142857142855,0.6666666666666666,0.2631578947368421,0.2236842105263158,0.12765694770084507,4,0.0,0.7368421052631579,0.72,0.64,0.6666666666666666,0.7058823529411765,0.8,0.8,0.7777777777777778,0.7058823529411765,0.18181818181818182,0.3333333333333333,0.29770992366412213,20|1034-C40-1038-A00-1078-A01-1082-A-1122-A01-1166-A01-1210-A01-1254-B-814-B20-815-B-858-A01-902-A01-946-C40-950-A-986-B-987-A01-988-A01-989-C40-991-C40-992-A01-993-A01-994-B011121-995-A-,10,28,56734
6,13,20,1.0,0.8181818181818182,0.10526315789473684,0.6,0.42857142857142855,0.6666666666666666,0.2631578947368421,0.2236842105263158,0.12765694770084507,4,0.1111111111111111,0.6842105263157895,0.48,0.48,0.8421052631578947,0.47058823529411764,0.72,0.72,0.8421052631578947,0.5882352941176471,0.20202020202020202,0.3333333333333333,0.3277310924369748,20|1031-B-1034-C40-1038-A01-1078-A01-1082-A-1122-A00-1166-A01-1209-B-1210-B20-770-B-814-A00-858-A01-902-A01-946-C40-950-A-987-B20-988-A00-989-C40-991-C40-992-A01-993-A01-994-B011121-995-A-,10,28,56735
0,19,20,1.0,0.9230769230769231,0.10078180081645664,0.0,1.0,0.8333333333333334,0.3157894736842105,0.25,0.12765694770084507,4,0.0,1.0,0.96,0.88,0.875,0.9333333333333333,0.96,0.88,0.875,0.9333333333333333,0.1282051282051282,1.0,0.2154696132596685,20|1034-C40-1078-A01-1122-A01-1166-A01-1210-A01-1254-A01-1298-A-770-A-814-A01-858-A01-902-A01-946-C40-985-A-986-A01-987-A01-988-A01-989-C40-991-C40-992-A01-993-A01-994-A01-995-A01-996-A-,10,28,56736
8,11,20,1.0,0.75,0.1324532357065044,0.6666666666666666,0.42857142857142855,0.6111111111111112,0.2631578947368421,0.2236842105263158,0.12765694770084507,4,0.1111111111111111,0.5789473684210527,0.56,0.56,0.7368421052631579,0.625,0.72,0.72,0.7368421052631579,0.75,0.18518518518518517,0.16666666666666666,0.3023255813953488,20|1031-A-1034-C40-1037-A-1038-B21-1078-A01-1122-A01-1166-A00-1209-B-1210-B0020-1254-B-770-B-814-A00-858-A01-902-A01-946-C40-987-B21-988-A00-989-C40-991-C40-992-A01-993-A01-994-B0020-995-B-,10,28,56737
1,18,20,1.0,0.9230769230769231,0.10078180081645664,1.0,0.6666666666666666,0.8333333333333334,0.3157894736842105,0.25,0.12765694770084507,4,0.0,0.9473684210526316,0.96,0.88,0.875,0.9333333333333333,0.96,0.88,0.875,0.9333333333333333,0.1282051282051282,0.5,0.2154696132596685,20|1034-C40-1078-A01-1122-A01-1166-A01-1210-A01-1254-A00-1298-B-770-A-814-A01-858-A01-902-A01-946-C40-985-A-986-A01-987-A01-988-A01-989-C40-991-C40-992-A01-993-A01-994-A01-995-A01-996-A-,10,28,56738
0,19,20,1.0,0.9230769230769231,0.10078180081645664,0.0,1.0,0.8333333333333334,0.3157894736842105,0.25,0.12765694770084507,4,0.0,1.0,0.96,0.88,0.875,0.9333333333333333,0.96,0.88,0.875,0.9333333333333333,0.1282051282051282,1.0,0.2154696132596685,20|1034-C40-1078-A01-1122-A01-1166-A01-1210-A01-1254-A01-1298-A-770-A-814-A01-858-A01-902-A01-946-C40-985-A-986-A01-987-A01-988-A01-989-C40-991-C40-992-A01-993-A01-994-A01-995-A01-996-A-,10,28,56739
4,15,20,1.0,0.8333333333333334,0.08594700851870801,0.5,0.4166666666666667,0.7222222222222222,0.3157894736842105,0.23684210526315788,0.17213259316477408,4,0.1111111111111111,0.7894736842105263,0.8,0.8,0.7777777777777778,0.75,0.8,0.8,0.7777777777777778,0.75,0.16666666666666666,0.2,0.2746478873239437,20|1034-C40-1039-A-1078-A01-1122-A01-1166-A00-1208-B-1209-A01-1210-B0121-1254-A-770-B-814-A00-858-A01-902-A01-946-C40-986-A-987-A01-988-A01-989-C40-991-C40-992-A01-993-A01-994-A00-995-B21-,10,28,56740
0,19,20,1.0,0.9230769230769231,0.10078180081645664,0.0,1.0,0.8333333333333334,0.3157894736842105,0.25,0.12765694770084507,4,0.0,1.0,0.96,0.88,0.875,0.9333333333333333,0.96,0.88,0.875,0.9333333333333333,0.1282051282051282,1.0,0.2154696132596685,20|1034-C40-1078-A00-1122-A00-1166-A00-1210-A00-1254-A00-1298-A-770-A-814-A00-858-A00-902-A00-946-C40-985-A-986-A00-987-A00-988-A00-989-C40-991-C40-992-A00-993-A00-994-A00-995-A00-996-A-,10,28,56741
10,9,20,1.0,0.8181818181818182,0.13589415249850587,0.625,0.42857142857142855,0.6111111111111112,0.2631578947368421,0.2236842105263158,0.12765694770084507,4,0.1111111111111111,0.4736842105263158,0.56,0.56,0.5263157894736842,0.5882352941176471,0.72,0.64,0.631578947368421,0.7058823529411765,0.20202020202020202,0.16666666666666666,0.3277310924369748,20|1031-B-1034-C40-1037-B-1038-B20-1078-A01-1122-A01-1166-A00-1209-B-1210-B0020-1254-B-814-B21-815-A-858-A01-902-A01-946-C40-987-B20-988-A00-989-C40-991-C40-992-A01-993-A01-994-B0020-995-B-,10,28,56742
0,19,20,1.0,0.9230769230769231,0.10078180081645664,0.0,1.0,0.8333333333333334,0.3157894736842105,0.25,0.12765694770084507,4,0.0,1.0,0.96,0.88,0.875,0.9333333333333333,0.96,0.88,0.875,0.9333333333333333,0.1282051282051282,1.0,0.2154696132596685,20|1034-C40-1078-A01-1122-A01-1166-A01-1210-A01-1254-A01-1298-A-770-A-814-A01-858-A01-902-A01-946-C40-985-A-986-A01-987-A01-988-A01-989-C40-991-C40-992-A01-993-A01-994-A01-995-A01-996-A-,10,28,56743
0,19,20,1.0,0.9230769230769231,0.10078180081645664,0.0,1.0,0.8333333333333334,0.3157894736842105,0.25,0.12765694770084507,4,0.0,1.0,0.96,0.88,0.875,0.9333333333333333,0.96,0.88,0.875,0.9333333333333333,0.1282051282051282,1.0,0.2154696132596685,20|1034-C40-1078-A01-1122-A01-1166-A01-1210-A01-1254-A01-1298-A-770-A-814-A01-858-A01-902-A01-946-C40-985-A-986-A01-987-A01-988-A01-989-C40-991-C40-992-A01-993-A01-994-A01-995-A01-996-A-,10,28,56744
4,15,20,1.0,0.8888888888888888,0.10078180081645664,0.25,0.6666666666666666,0.5,0.3684210526315789,0.17105263157894737,0.33333333333333337,4,0.1111111111111111,0.7894736842105263,0.5,0.48,0.38095238095238093,0.8421052631578947,0.5833333333333334,0.56,0.47619047619047616,0.8421052631578947,0.2777777777777778,0.6,0.43820224719101125,20|1034-C40-1078-A00-1121-A-1122-B001121-1123-A01-1124-A-1164-A-1165-A01-1166-B011120-1167-A00-1168-A00-1169-B00-1170-B-1210-A-858-A-902-A01-946-C40-987-A-988-A01-989-C40-991-C40-992-A01-993-A-,10,28,56745
0,19,20,1.0,0.9230769230769231,0.10078180081645664,0.0,1.0,0.8333333333333334,0.3157894736842105,0.25,0.12765694770084507,4,0.0,1.0,0.96,0.88,0.875,0.9333333333333333,0.96,0.88,0.875,0.9333333333333333,0.1282051282051282,1.0,0.2154696132596685,20|1034-C40-1078-A01-1122-A01-1166-A01-1210-A01-1254-A01-1298-A-770-A-814-A01-858-A01-902-A01-946-C40-985-A-986-A01-987-A01-988-A01-989-C40-991-C40-992-A01-993-A01-994-A01-995-A01-996-A-,10,28,56746
0,19,20,1.0,0.9230769230769231,0.10078180081645664,0.0,1.0,0.8333333333333334,0.3157894736842105,0.25,0.12765694770084507,4,0.0,1.0,0.96,0.88,0.875,0.9333333333333333,0.96,0.88,0.875,0.9333333333333333,0.1282051282051282,1.0,0.2154696132596685,20|1034-C40-1078-A01-1122-A01-1166-A01-1210-A01-1254-A01-1298-A-770-A-814-A01-858-A01-902-A01-946-C40-985-A-986-A01-987-A01-988-A01-989-C40-991-C40-992-A01-993-A01-994-A01-995-A01-996-A-,10,28,56747
3,16,20,1.0,0.9090909090909091,0.10078180081645664,0.3333333333333333,0.6,0.6666666666666666,0.2631578947368421,0.21052631578947367,0.1539600717839002,4,0.2222222222222222,0.8421052631578947,0.64,0.56,0.7777777777777778,0.47058823529411764,0.8,0.72,0.7777777777777778,0.7058823529411765,0.18181818181818182,0.5,0.29770992366412213,20|1034-C40-1037-A-1078-A01-1122-A01-1166-A01-1210-A01-1254-A-814-A-858-A01-902-A01-905-B21-906-A-946-C40-949-A01-986-B-987-A01-988-A01-989-C40-991-C40-992-A00-993-B011121-994-A01-995-A-,10,28,56748
1,18,20,1.0,0.8461538461538461,0.13589415249850587,0.0,0.8333333333333334,0.7222222222222222,0.3157894736842105,0.23684210526315788,0.17213259316477408,4,0.1111111111111111,0.9473684210526316,0.8,0.72,0.8235294117647058,0.6666666666666666,0.88,0.8,0.8235294117647058,0.8,0.13986013986013987,0.5,0.23353293413173654,20|1031-A-1034-C40-1078-A00-1122-A01-1166-A01-1210-A01-1254-A01-1298-A-770-A-814-A01-858-A01-902-A01-946-C40-986-A-987-B0121-988-A00-989-C40-991-C40-992-A01-993-A01-994-A01-995-A01-996-A-,10,28,56749
0,16,17,0.85,1.0,0.0,0.0,1.0,0.8,0.25,0.25,0.0,4,0.0,1.0,1.0,1.0,1.0,1.0,1.0,1.0,1.0,1.0,0.14049586776859505,1.0,0.24475524475524477,17|551-A-589-A00-627-A00-665-A00-703-C40-736-A-737-A00-738-A00-739-A00-740-C40-742-C40-743-A00-744-A00-745-A00-746-A-779-C40-817-A00-855-A00-893-A00-931-A-,10,28,56750
0,19,20,1.0,0.9230769230769231,0.10078180081645664,0.0,1.0,0.8333333333333334,0.3157894736842105,0.25,0.12765694770084507,4,0.0,1.0,0.96,0.88,0.875,0.9333333333333333,0.96,0.88,0.875,0.9333333333333333,0.1282051282051282,1.0,0.2154696132596685,20|1034-C40-1078-A01-1122-A01-1166-A01-1210-A01-1254-A01-1298-A-770-A-814-A01-858-A01-902-A01-946-C40-985-A-986-A01-987-A01-988-A01-989-C40-991-C40-992-A01-993-A01-994-A01-995-A01-996-A-,10,28,56751
0,19,20,1.0,0.9230769230769231,0.10078180081645664,0.0,1.0,0.8333333333333334,0.3157894736842105,0.25,0.12765694770084507,4,0.0,1.0,0.96,0.88,0.875,0.9333333333333333,0.96,0.88,0.875,0.9333333333333333,0.1282051282051282,1.0,0.2154696132596685,20|1034-C40-1078-A01-1122-A00-1166-A01-1210-A00-1254-A01-1298-A-770-A-814-A01-858-A00-902-A01-946-C40-985-A-986-A01-987-A00-988-A01-989-C40-991-C40-992-A01-993-A00-994-A01-995-A00-996-A-,10,28,56752
0,19,20,1.0,0.9230769230769231,0.05263157894736842,0.0,1.0,0.8333333333333334,0.2631578947368421,0.25,0.06666666666666667,4,0.0,1.0,0.96,0.96,1.0,0.9333333333333333,0.96,0.96,1.0,0.9333333333333333,0.1282051282051282,1.0,0.2154696132596685,20|1034-C40-1078-A01-1122-A01-1166-A01-1210-A01-1254-A-726-A-770-A01-814-A01-858-A01-902-A01-946-C40-985-A-986-A01-987-A01-988-A01-989-C40-991-C40-992-A01-993-A01-994-A01-995-A01-996-A-,10,28,56753
0,19,20,1.0,0.9230769230769231,0.10078180081645664,0.0,1.0,0.8333333333333334,0.3157894736842105,0.25,0.12765694770084507,4,0.0,1.0,0.96,0.88,0.875,0.9333333333333333,0.96,0.88,0.875,0.9333333333333333,0.1282051282051282,1.0,0.2154696132596685,20|1034-C40-1078-A01-1122-A01-1166-A01-1210-A01-1254-A01-1298-A-770-A-814-A01-858-A01-902-A01-946-C40-985-A-986-A01-987-A01-988-A01-989-C40-991-C40-992-A01-993-A01-994-A01-995-A01-996-A-,10,28,56754
0,19,20,1.0,0.9230769230769231,0.10078180081645664,0.0,1.0,0.8333333333333334,0.3157894736842105,0.25,0.12765694770084507,4,0.0,1.0,0.96,0.88,0.875,0.9333333333333333,0.96,0.88,0.875,0.9333333333333333,0.1282051282051282,1.0,0.2154696132596685,20|1034-C40-1078-A01-1122-A01-1166-A01-1210-A01-1254-A01-1298-A-770-A-814-A01-858-A01-902-A01-946-C40-985-A-986-A01-987-A01-988-A01-989-C40-991-C40-992-A01-993-A01-994-A01-995-A01-996-A-,10,28,56755
0,19,20,1.0,0.9230769230769231,0.10078180081645664,0.0,1.0,0.8333333333333334,0.3157894736842105,0.25,0.12765694770084507,4,0.0,1.0,0.96,0.88,0.875,0.9333333333333333,0.96,0.88,0.875,0.9333333333333333,0.1282051282051282,1.0,0.2154696132596685,20|1034-C40-1078-A01-1122-A01-1166-A01-1210-A01-1254-A01-1298-A-770-A-814-A01-858-A01-902-A01-946-C40-985-A-986-A01-987-A01-988-A01-989-C40-991-C40-992-A01-993-A01-994-A01-995-A01-996-A-,10,28,56756
0,19,20,1.0,0.9230769230769231,0.10078180081645664,0.0,1.0,0.8333333333333334,0.3157894736842105,0.25,0.12765694770084507,4,0.0,1.0,0.96,0.88,0.875,0.9333333333333333,0.96,0.88,0.875,0.9333333333333333,0.1282051282051282,1.0,0.2154696132596685,20|1034-C40-1078-A01-1122-A01-1166-A01-1210-A01-1254-A01-1298-A-770-A-814-A01-858-A01-902-A01-946-C40-985-A-986-A01-987-A01-988-A01-989-C40-991-C40-992-A01-993-A01-994-A01-995-A01-996-A-,10,28,56757
4,15,20,1.0,0.9230769230769231,0.10078180081645664,1.0,0.3333333333333333,0.8333333333333334,0.3157894736842105,0.25,0.12765694770084507,4,0.0,0.7894736842105263,0.88,0.72,0.75,0.8,0.96,0.88,0.875,0.9333333333333333,0.1282051282051282,0.2,0.2154696132596685,20|1034-C40-1078-A01-1122-A01-1166-A01-1210-A01-1254-A00-1298-B-770-B-814-A00-858-A01-902-A01-946-C40-985-B-986-A01-987-A01-988-A01-989-C41-991-C40-992-A01-993-A01-994-A01-995-A01-996-B-,10,28,56758
1,18,20,1.0,0.9230769230769231,0.10078180081645664,1.0,0.6666666666666666,0.8333333333333334,0.3157894736842105,0.25,0.12765694770084507,4,0.0,0.9473684210526316,0.96,0.88,0.875,0.9333333333333333,0.96,0.88,0.875,0.9333333333333333,0.1282051282051282,0.5,0.2154696132596685,20|1034-C40-1078-A01-1122-A01-1166-A01-1210-A01-1254-A00-1298-B-770-A-814-A01-858-A01-902-A01-946-C40-985-A-986-A01-987-A01-988-A01-989-C40-991-C40-992-A01-993-A01-994-A01-995-A01-996-A-,10,28,56759
4,15,20,1.0,1.0,0.0607737125462764,0.25,0.5833333333333334,0.5555555555555556,0.2631578947368421,0.21052631578947367,0.10886621079036347,4,0.0,0.7894736842105263,0.88,0.72,0.7777777777777778,0.7777777777777778,0.88,0.72,0.7777777777777778,0.7777777777777778,0.2,0.4,0.325,20|1034-C40-1038-A-1078-A01-1122-A01-1164-A-1165-A01-1166-B001020-1167-A-1210-A-814-B20-815-A-858-A01-902-A01-946-C40-986-B-987-A01-988-A01-989-C40-991-C40-992-A01-993-A01-994-B0020-995-A-,10,28,56760
4,15,20,1.0,0.8461538461538461,0.13589415249850587,0.5,0.4166666666666667,0.7222222222222222,0.3157894736842105,0.23684210526315788,0.17213259316477408,4,0.0,0.7894736842105263,0.64,0.64,0.8235294117647058,0.6666666666666666,0.88,0.8,0.8235294117647058,0.8,0.13986013986013987,0.2,0.23353293413173654,20|1034-C40-1038-B-1078-A01-1122-A01-1166-A01-1210-A01-1254-A01-1298-A-770-A-814-A01-858-A01-902-A01-946-C40-986-A-987-A01-988-A01-989-C40-991-C40-992-A01-993-A01-994-B0020-995-B00-996-B-,10,28,56761
0,19,20,1.0,0.9230769230769231,0.10078180081645664,0.0,1.0,0.8333333333333334,0.3157894736842105,0.25,0.12765694770084507,4,0.0,1.0,0.96,0.88,0.875,0.9333333333333333,0.96,0.88,0.875,0.9333333333333333,0.1282051282051282,1.0,0.2154696132596685,20|1034-C40-1078-A01-1122-A01-1166-A01-1210-A01-1254-A01-1298-A-770-A-814-A01-858-A01-902-A01-946-C40-985-A-986-A01-987-A01-988-A01-989-C40-991-C40-992-A01-993-A01-994-A01-995-A01-996-A-,10,28,56762
11,8,20,1.0,0.8181818181818182,0.13589415249850587,0.875,0.6428571428571429,0.3333333333333333,0.2631578947368421,0.18421052631578946,0.17213259316477408,4,0.2222222222222222,0.42105263157894735,0.64,0.48,0.5263157894736842,0.5882352941176471,0.8,0.64,0.631578947368421,0.7058823529411765,0.20202020202020202,0.3333333333333333,0.3277310924369748,20|1034-C40-1038-A-1078-A01-1122-A01-1165-B-1166-B001020-1167-B-1209-B-1210-B0020-1254-B-814-B-857-B-858-B0020-902-A00-946-C40-987-B-988-A01-989-C41-991-C40-992-A01-993-A01-994-B0121-995-A-,10,28,56763
0,19,20,1.0,0.9230769230769231,0.10078180081645664,0.0,1.0,0.8333333333333334,0.3157894736842105,0.25,0.12765694770084507,4,0.0,1.0,0.96,0.88,0.875,0.9333333333333333,0.96,0.88,0.875,0.9333333333333333,0.1282051282051282,1.0,0.2154696132596685,20|1034-C40-1078-A01-1122-A01-1166-A01-1210-A01-1254-A01-1298-A-770-A-814-A01-858-A01-902-A01-946-C40-985-A-986-A01-987-A01-988-A01-989-C40-991-C40-992-A01-993-A01-994-A01-995-A01-996-A-,10,28,56764
0,19,20,1.0,0.9230769230769231,0.10078180081645664,0.0,1.0,0.8333333333333334,0.3157894736842105,0.25,0.12765694770084507,4,0.0,1.0,0.96,0.88,0.875,0.9333333333333333,0.96,0.88,0.875,0.9333333333333333,0.1282051282051282,1.0,0.2154696132596685,20|1034-C40-1078-A01-1122-A01-1166-A01-1210-A01-1254-A01-1298-A-770-A-814-A01-858-A01-902-A01-946-C40-985-A-986-A01-987-A01-988-A01-989-C40-991-C40-992-A01-993-A01-994-A01-995-A01-996-A-,10,28,56765
0,19,20,1.0,0.9230769230769231,0.10078180081645664,0.0,1.0,0.8333333333333334,0.3157894736842105,0.25,0.12765694770084507,4,0.0,1.0,0.96,0.88,0.875,0.9333333333333333,0.96,0.88,0.875,0.9333333333333333,0.1282051282051282,1.0,0.2154696132596685,20|1034-C40-1078-A01-1122-A01-1166-A01-1210-A01-1254-A01-1298-A-770-A-814-A01-858-A01-902-A01-946-C40-985-A-986-A01-987-A01-988-A01-989-C40-991-C40-992-A01-993-A01-994-A01-995-A01-996-A-,10,28,56766
4,15,20,1.0,0.7692307692307693,0.17977106606946666,0.5,0.4166666666666667,0.7222222222222222,0.3157894736842105,0.23684210526315788,0.2309401076758503,4,0.1111111111111111,0.7894736842105263,0.64,0.56,0.6666666666666666,0.5333333333333333,0.8,0.72,0.7777777777777778,0.6666666666666666,0.15384615384615385,0.2,0.2549019607843137,20|1034-C40-1078-A00-1122-A01-1166-A01-1210-A00-1253-A-1254-B0021-1298-B-770-B21-771-A-814-A00-858-A01-902-A01-946-C40-987-B-988-A00-989-C40-991-C40-992-A01-993-A01-994-A01-995-A01-996-A-,10,28,56767
2,17,20,1.0,0.8461538461538461,0.13589415249850587,0.5,0.625,0.7222222222222222,0.3157894736842105,0.23684210526315788,0.17213259316477408,4,0.0,0.8947368421052632,0.88,0.8,0.8235294117647058,0.8,0.88,0.8,0.8235294117647058,0.8,0.13986013986013987,0.3333333333333333,0.23353293413173654,20|1034-C40-1078-A01-1122-A01-1166-A01-1210-A01-1254-B0121-1255-A-1298-A-770-A-814-A01-858-A01-902-A01-946-C40-986-A-987-A01-988-A01-989-C40-991-C40-992-A01-993-A01-994-A01-995-A01-996-B-,10,28,56768
0,19,20,1.0,0.9230769230769231,0.10078180081645664,0.0,1.0,0.8333333333333334,0.3157894736842105,0.25,0.12765694770084507,4,0.0,1.0,0.96,0.88,0.875,0.9333333333333333,0.96,0.88,0.875,0.9333333333333333,0.1282051282051282,1.0,0.2154696132596685,20|1034-C40-1078-A00-1122-A00-1166-A00-1210-A00-1254-A00-1298-A-770-A-814-A00-858-A00-902-A00-946-C40-985-A-986-A00-987-A00-988-A00-989-C40-991-C40-992-A00-993-A00-994-A00-995-A00-996-A-,10,28,56769
0,19,20,1.0,0.9230769230769231,0.10078180081645664,0.0,1.0,0.8333333333333334,0.3157894736842105,0.25,0.12765694770084507,4,0.0,1.0,0.96,0.88,0.875,0.9333333333333333,0.96,0.88,0.875,0.9333333333333333,0.1282051282051282,1.0,0.2154696132596685,20|1034-C40-1078-A01-1122-A01-1166-A01-1210-A01-1254-A01-1298-A-770-A-814-A01-858-A01-902-A01-946-C40-985-A-986-A01-987-A01-988-A01-989-C40-991-C40-992-A01-993-A01-994-A01-995-A01-996-A-,10,28,56770
0,19,20,1.0,0.9230769230769231,0.10078180081645664,0.0,1.0,0.8333333333333334,0.3157894736842105,0.25,0.12765694770084507,4,0.0,1.0,0.96,0.88,0.875,0.9333333333333333,0.96,0.88,0.875,0.9333333333333333,0.1282051282051282,1.0,0.2154696132596685,20|1034-C40-1078-A01-1122-A01-1166-A01-1210-A01-1254-A01-1298-A-770-A-814-A01-858-A01-902-A01-946-C40-985-A-986-A01-987-A01-988-A01-989-C40-991-C40-992-A01-993-A01-994-A01-995-A01-996-A-,10,28,56771
9,10,20,1.0,0.8181818181818182,0.13589415249850587,0.7142857142857143,0.5714285714285714,0.4444444444444444,0.2631578947368421,0.18421052631578946,0.17213259316477408,4,0.1111111111111111,0.5263157894736842,0.64,0.56,0.631578947368421,0.5882352941176471,0.8,0.64,0.631578947368421,0.7058823529411765,0.20202020202020202,0.3333333333333333,0.3277310924369748,20|1034-C40-1038-B-1078-A01-1121-A-1122-A01-1164-A-1165-B0121-1166-B001020-1167-B-1210-B00-1254-B-814-B-858-A01-902-A01-946-C40-987-B-988-A01-989-C41-991-C40-992-A01-993-A01-994-B0120-995-A-,10,28,56772
3,16,20,1.0,0.8461538461538461,0.13589415249850587,0.6666666666666666,0.5,0.7222222222222222,0.3157894736842105,0.23684210526315788,0.17213259316477408,4,0.1111111111111111,0.8421052631578947,0.72,0.64,0.8235294117647058,0.5333333333333333,0.88,0.8,0.8235294117647058,0.8,0.13986013986013987,0.25,0.23353293413173654,20|1034-C40-1078-A01-1122-A01-1166-A01-1210-A01-1254-A01-1298-A-770-A-814-A01-858-A01-902-A01-943-B-946-C40-986-B-987-B0020-988-A01-989-C41-991-C40-992-A01-993-A01-994-A01-995-A01-996-A-,10,28,56773
8,11,20,1.0,0.9,0.10078180081645664,0.6666666666666666,0.5714285714285714,0.5,0.2631578947368421,0.18421052631578946,0.17213259316477408,4,0.4444444444444444,0.5789473684210527,0.72,0.4,0.42105263157894735,0.4444444444444444,0.88,0.64,0.7368421052631579,0.6666666666666666,0.2222222222222222,0.5,0.3577981651376147,20|1034-C40-1037-A-1078-A00-1121-A-1122-B011120-1123-B00-1124-B-1166-A01-1209-A-1210-B21-814-B-858-A01-902-A01-946-C40-949-B-987-A-988-A01-989-C41-991-C40-992-A00-993-B011120-994-A01-995-B-,10,28,56774
1,18,20,1.0,0.8461538461538461,0.13589415249850587,0.0,0.8333333333333334,0.7222222222222222,0.3157894736842105,0.23684210526315788,0.17213259316477408,4,0.1111111111111111,0.9473684210526316,0.8,0.72,0.8235294117647058,0.6666666666666666,0.88,0.8,0.8235294117647058,0.8,0.13986013986013987,0.5,0.23353293413173654,20|1031-A-1034-C40-1078-A00-1122-A01-1166-A01-1210-A00-1254-A01-1298-A-770-A-814-A01-858-A01-902-A01-946-C40-986-A-987-B0121-988-A00-989-C40-991-C40-992-A01-993-A01-994-A01-995-A00-996-A-,10,28,56775
0,19,20,1.0,0.9230769230769231,0.10078180081645664,0.0,1.0,0.8333333333333334,0.3157894736842105,0.25,0.12765694770084507,4,0.0,1.0,0.96,0.88,0.875,0.9333333333333333,0.96,0.88,0.875,0.9333333333333333,0.1282051282051282,1.0,0.2154696132596685,20|1034-C40-1078-A01-1122-A01-1166-A01-1210-A01-1254-A01-1298-A-770-A-814-A01-858-A01-902-A01-946-C40-985-A-986-A01-987-A01-988-A01-989-C40-991-C40-992-A01-993-A01-994-A01-995-A01-996-A-,10,28,56776
0,19,20,1.0,0.9230769230769231,0.10078180081645664,0.0,1.0,0.8333333333333334,0.3157894736842105,0.25,0.12765694770084507,4,0.0,1.0,0.96,0.88,0.875,0.9333333333333333,0.96,0.88,0.875,0.9333333333333333,0.1282051282051282,1.0,0.2154696132596685,20|1034-C40-1078-A01-1122-A01-1166-A01-1210-A01-1254-A01-1298-A-770-A-814-A01-858-A01-902-A01-946-C40-985-A-986-A01-987-A01-988-A01-989-C40-991-C40-992-A01-993-A01-994-A01-995-A01-996-A-,10,28,56777
2,17,20,1.0,0.8461538461538461,0.13589415249850587,0.5,0.625,0.7222222222222222,0.3157894736842105,0.23684210526315788,0.17213259316477408,4,0.0,0.8947368421052632,0.88,0.8,0.8235294117647058,0.8,0.88,0.8,0.8235294117647058,0.8,0.13986013986013987,0.3333333333333333,0.23353293413173654,20|1034-C40-1078-A01-1122-A01-1166-A01-1210-A01-1254-B0121-1255-A-1298-A-770-A-814-A01-858-A01-902-A01-946-C40-986-A-987-A01-988-A01-989-C40-991-C40-992-A01-993-A01-994-A01-995-A01-996-B-,10,28,56778
0,19,20,1.0,0.9230769230769231,0.10078180081645664,0.0,1.0,0.8333333333333334,0.3157894736842105,0.25,0.12765694770084507,4,0.0,1.0,0.96,0.88,0.875,0.9333333333333333,0.96,0.88,0.875,0.9333333333333333,0.1282051282051282,1.0,0.2154696132596685,20|1034-C40-1078-A01-1122-A01-1166-A01-1210-A01-1254-A01-1298-A-770-A-814-A01-858-A01-902-A01-946-C40-985-A-986-A01-987-A01-988-A01-989-C40-991-C40-992-A01-993-A01-994-A01-995-A01-996-A-,10,28,56779
0,19,20,1.0,0.9230769230769231,0.05263157894736842,0.0,1.0,0.8333333333333334,0.2631578947368421,0.25,0.06666666666666667,4,0.0,1.0,0.96,0.96,1.0,0.9333333333333333,0.96,0.96,1.0,0.9333333333333333,0.1282051282051282,1.0,0.2154696132596685,20|1034-C40-1078-A01-1122-A01-1166-A01-1210-A01-1254-A-726-A-770-A01-814-A01-858-A01-902-A01-946-C40-985-A-986-A01-987-A01-988-A01-989-C40-991-C40-992-A01-993-A01-994-A01-995-A01-996-A-,10,28,56780
0,19,20,1.0,0.9230769230769231,0.10078180081645664,0.0,1.0,0.8333333333333334,0.3157894736842105,0.25,0.12765694770084507,4,0.0,1.0,0.96,0.88,0.875,0.9333333333333333,0.96,0.88,0.875,0.9333333333333333,0.1282051282051282,1.0,0.2154696132596685,20|1034-C40-1078-A01-1122-A01-1166-A01-1210-A01-1254-A01-1298-A-770-A-814-A01-858-A01-902-A01-946-C40-985-A-986-A01-987-A01-988-A01-989-C40-991-C40-992-A01-993-A01-994-A01-995-A01-996-A-,10,28,56781
0,19,20,1.0,0.9230769230769231,0.10078180081645664,0.0,1.0,0.8333333333333334,0.3157894736842105,0.25,0.12765694770084507,4,0.0,1.0,0.96,0.88,0.875,0.9333333333333333,0.96,0.88,0.875,0.9333333333333333,0.1282051282051282,1.0,0.2154696132596685,20|1034-C40-1078-A01-1122-A01-1166-A01-1210-A01-1254-A01-1298-A-770-A-814-A01-858-A01-902-A01-946-C40-985-A-986-A01-987-A01-988-A01-989-C40-991-C40-992-A01-993-A01-994-A01-995-A01-996-A-,10,28,56782
0,19,20,1.0,0.9230769230769231,0.05263157894736842,0.0,1.0,0.8333333333333334,0.2631578947368421,0.25,0.06666666666666667,4,0.0,1.0,0.96,0.96,0.9333333333333333,1.0,0.96,0.96,0.9333333333333333,1.0,0.1282051282051282,1.0,0.2154696132596685,20|1034-C40-1078-A00-1122-A00-1166-A00-1210-A00-1254-A-770-A-814-A00-858-A00-902-A00-946-C40-984-A-985-A00-986-A00-987-A00-988-A00-989-C40-991-C40-992-A00-993-A00-994-A00-995-A00-996-A-,10,28,56783
2,17,20,1.0,0.9230769230769231,0.10078180081645664,1.0,0.5,0.8333333333333334,0.3157894736842105,0.25,0.12765694770084507,4,0.0,0.8947368421052632,0.96,0.72,0.75,0.8,0.96,0.88,0.875,0.9333333333333333,0.1282051282051282,0.3333333333333333,0.2154696132596685,20|1034-C40-1078-A01-1122-A01-1166-A01-1210-A01-1254-A01-1298-A-770-B-814-A00-858-A01-902-A01-946-C40-985-B-986-A00-987-A01-988-A01-989-C40-991-C40-992-A01-993-A01-994-A01-995-A01-996-A-,10,28,56784
2,17,20,1.0,0.8461538461538461,0.13589415249850587,0.5,0.5,0.8333333333333334,0.3157894736842105,0.25,0.12765694770084507,4,0.0,0.8947368421052632,0.8,0.72,0.8235294117647058,0.6666666666666666,0.88,0.8,0.8235294117647058,0.8,0.13986013986013987,0.3333333333333333,0.23353293413173654,20|1034-C40-1078-A01-1122-A01-1166-A01-1210-A01-1254-A00-1298-B-770-A-814-A01-858-A01-902-A01-942-A-946-C40-986-B21-987-A01-988-A01-989-C40-991-C40-992-A01-993-A01-994-A01-995-A01-996-A-,10,28,56785
3,16,20,1.0,0.8333333333333334,0.08594700851870801,0.3333333333333333,0.5,0.7222222222222222,0.3157894736842105,0.23684210526315788,0.17213259316477408,4,0.0,0.8421052631578947,0.8,0.8,0.7777777777777778,0.75,0.8,0.8,0.7777777777777778,0.75,0.16666666666666666,0.25,0.2746478873239437,20|1034-C40-1039-A-1078-A01-1122-A01-1166-A00-1208-A-1209-A01-1210-B0121-1254-A-770-B-814-A00-858-A01-902-A01-946-C40-986-A-987-A01-988-A01-989-C40-991-C40-992-A01-993-A01-994-A00-995-B21-,10,28,56786
7,12,20,1.0,1.0,0.1215474250925528,0.6666666666666666,0.35714285714285715,0.7222222222222222,0.3157894736842105,0.23684210526315788,0.17213259316477408,4,0.1111111111111111,0.631578947368421,0.72,0.48,0.5882352941176471,0.47058823529411764,0.88,0.72,0.7058823529411765,0.7058823529411765,0.1652892561983471,0.16666666666666666,0.2727272727272727,20|1031-B-1034-C40-1078-A01-1122-A01-1166-A01-1210-A01-1254-B20-1255-B-814-B20-815-B-858-A01-902-A01-946-C40-986-B-987-B0020-988-A00-989-C40-991-C40-992-A01-993-A01-994-A01-995-A01-996-A-,10,28,56787
0,19,20,1.0,0.9230769230769231,0.10078180081645664,0.0,1.0,0.8333333333333334,0.3157894736842105,0.25,0.12765694770084507,4,0.0,1.0,0.96,0.88,0.875,0.9333333333333333,0.96,0.88,0.875,0.9333333333333333,0.1282051282051282,1.0,0.2154696132596685,20|1034-C40-1078-A01-1122-A01-1166-A01-1210-A01-1254-A01-1298-A-770-A-814-A01-858-A01-902-A01-946-C40-985-A-986-A01-987-A01-988-A01-989-C40-991-C40-992-A01-993-A01-994-A01-995-A01-996-A-,10,28,56788
0,19,20,1.0,0.9230769230769231,0.10078180081645664,0.0,1.0,0.8333333333333334,0.3157894736842105,0.25,0.12765694770084507,4,0.0,1.0,0.96,0.88,0.875,0.9333333333333333,0.96,0.88,0.875,0.9333333333333333,0.1282051282051282,1.0,0.2154696132596685,20|1034-C40-1078-A01-1122-A01-1166-A01-1210-A01-1254-A01-1298-A-770-A-814-A01-858-A01-902-A01-946-C40-985-A-986-A01-987-A01-988-A01-989-C40-991-C40-992-A01-993-A01-994-A01-995-A01-996-A-,10,28,56789
0,19,20,1.0,0.9230769230769231,0.10078180081645664,0.0,1.0,0.8333333333333334,0.3157894736842105,0.25,0.12765694770084507,4,0.0,1.0,0.96,0.88,0.875,0.9333333333333333,0.96,0.88,0.875,0.9333333333333333,0.1282051282051282,1.0,0.2154696132596685,20|1034-C40-1078-A00-1122-A00-1166-A00-1210-A00-1254-A00-1298-A-770-A-814-A00-858-A00-902-A00-946-C40-985-A-986-A00-987-A00-988-A00-989-C40-991-C40-992-A00-993-A00-994-A00-995-A00-996-A-,10,28,56790
4,15,20,1.0,1.0,0.0607737125462764,0.25,0.5833333333333334,0.5555555555555556,0.2631578947368421,0.19736842105263158,0.12765694770084507,4,0.3333333333333333,0.7894736842105263,0.5833333333333334,0.56,0.7,0.8,0.75,0.64,0.8,0.8,0.3125,0.4,0.4875,20|1031-A-1034-C40-1037-A01-1078-A00-1081-A00-1122-A00-1125-A-1166-B-858-B11-859-A-899-A-902-A00-905-A-943-A01-946-C40-949-A01-987-B1121-988-A00-989-C40-991-C40-992-A00-993-B011121-994-A-,10,28,56791
6,13,20,1.0,0.8181818181818182,0.13589415249850587,0.6,0.5,0.5555555555555556,0.2631578947368421,0.19736842105263158,0.12765694770084507,4,0.2222222222222222,0.6842105263157895,0.56,0.48,0.5263157894736842,0.5882352941176471,0.8,0.64,0.631578947368421,0.7058823529411765,0.20202020202020202,0.3333333333333333,0.3277310924369748,20|1034-C40-1038-B-1078-A01-1122-A01-1164-A-1165-A01-1166-B011121-1167-A-1210-A01-1254-B-814-A-858-A01-902-A01-943-A-946-C40-987-B21-988-A01-989-C41-991-C40-992-A01-993-A01-994-B0020-995-B-,10,28,56792
3,16,20,1.0,0.8333333333333334,0.08594700851870801,0.3333333333333333,0.5,0.7222222222222222,0.3157894736842105,0.23684210526315788,0.17213259316477408,4,0.0,0.8421052631578947,0.8,0.8,0.7777777777777778,0.75,0.8,0.8,0.7777777777777778,0.75,0.16666666666666666,0.25,0.2746478873239437,20|1034-C40-1039-A-1078-A01-1122-A01-1166-A00-1208-A-1209-A01-1210-B0121-1254-A-770-B-814-A00-858-A01-902-A01-946-C40-986-A-987-A01-988-A01-989-C40-991-C40-992-A01-993-A01-994-A00-995-B21-,10,28,56793
0,19,20,1.0,0.9230769230769231,0.10078180081645664,0.0,1.0,0.8333333333333334,0.3157894736842105,0.25,0.12765694770084507,4,0.0,1.0,0.96,0.88,0.875,0.9333333333333333,0.96,0.88,0.875,0.9333333333333333,0.1282051282051282,1.0,0.2154696132596685,20|1034-C40-1078-A01-1122-A01-1166-A01-1210-A01-1254-A01-1298-A-770-A-814-A01-858-A01-902-A01-946-C40-985-A-986-A01-987-A01-988-A01-989-C40-991-C40-992-A01-993-A01-994-A01-995-A01-996-A-,10,28,56794
4,15,20,1.0,0.8333333333333334,0.08594700851870801,0.5,0.4166666666666667,0.7222222222222222,0.3157894736842105,0.23684210526315788,0.17213259316477408,4,0.1111111111111111,0.7894736842105263,0.8,0.8,0.7777777777777778,0.75,0.8,0.8,0.7777777777777778,0.75,0.16666666666666666,0.2,0.2746478873239437,20|1034-C40-1039-A-1078-A01-1122-A01-1166-A00-1208-B-1209-A01-1210-B0121-1254-A-770-B-814-A00-858-A01-902-A01-946-C40-986-A-987-A01-988-A01-989-C40-991-C40-992-A01-993-A01-994-A00-995-B21-,10,28,56795
7,12,20,1.0,0.9090909090909091,0.10078180081645664,0.8333333333333334,0.5,0.5555555555555556,0.2631578947368421,0.19736842105263158,0.12765694770084507,4,0.1111111111111111,0.631578947368421,0.72,0.72,0.6666666666666666,0.8235294117647058,0.88,0.72,0.6666666666666666,0.8235294117647058,0.18181818181818182,0.3333333333333333,0.29770992366412213,20|1034-C40-1038-B-1078-A01-1122-A01-1164-A-1165-A01-1166-B011121-1167-A-1210-A01-1254-B-814-B-858-A01-902-A01-946-C40-986-B-987-A01-988-A01-989-C40-991-C40-992-A01-993-A01-994-B0020-995-B-,10,28,56796
4,15,20,1.0,0.9090909090909091,0.10078180081645664,0.5,0.5833333333333334,0.5555555555555556,0.2631578947368421,0.21052631578947367,0.1539600717839002,4,0.1111111111111111,0.7894736842105263,0.56,0.56,0.6666666666666666,0.47058823529411764,0.8,0.72,0.7777777777777778,0.7058823529411765,0.18181818181818182,0.4,0.29770992366412213,20|1031-A-1034-C40-1038-A01-1078-A01-1082-A-1122-A00-1166-A01-1210-A00-1254-A-814-A-858-A00-902-A01-946-C40-950-B-986-A-987-B0121-988-A00-989-C40-991-C40-992-A01-993-A01-994-B001021-995-B-,10,28,56797
0,19,20,1.0,0.9230769230769231,0.10078180081645664,0.0,1.0,0.8333333333333334,0.3157894736842105,0.25,0.12765694770084507,4,0.0,1.0,0.96,0.88,0.875,0.9333333333333333,0.96,0.88,0.875,0.9333333333333333,0.1282051282051282,1.0,0.2154696132596685,20|1034-C40-1078-A01-1122-A01-1166-A01-1210-A01-1254-A01-1298-A-770-A-814-A01-858-A01-902-A01-946-C40-985-A-986-A01-987-A01-988-A01-989-C40-991-C40-992-A01-993-A01-994-A01-995-A01-996-A-,10,28,56798
2,17,20,1.0,1.0,0.0607737125462764,0.5,0.5,0.8333333333333334,0.3157894736842105,0.25,0.12765694770084507,4,0.0,0.8947368421052632,0.96,0.88,0.875,0.875,0.96,0.88,0.875,0.875,0.1388888888888889,0.3333333333333333,0.23214285714285715,20|1034-C40-1078-A01-1122-A00-1166-A01-1210-A00-1253-A-1254-B21-770-A-814-A01-858-A00-902-A01-946-C40-985-A-986-A01-987-A01-988-A01-989-C40-991-C40-992-A01-993-A00-994-A01-995-A00-996-B-,10,28,56799
0,19,20,1.0,0.9230769230769231,0.10078180081645664,0.0,1.0,0.8333333333333334,0.3157894736842105,0.25,0.12765694770084507,4,0.0,1.0,0.96,0.88,0.875,0.9333333333333333,0.96,0.88,0.875,0.9333333333333333,0.1282051282051282,1.0,0.2154696132596685,20|1034-C40-1078-A01-1122-A01-1166-A01-1210-A01-1254-A01-1298-A-770-A-814-A01-858-A01-902-A01-946-C40-985-A-986-A01-987-A01-988-A01-989-C40-991-C40-992-A01-993-A01-994-A01-995-A01-996-A-,10,28,56800
0,19,20,1.0,0.9230769230769231,0.10078180081645664,0.0,1.0,0.8333333333333334,0.3157894736842105,0.25,0.12765694770084507,4,0.0,1.0,0.96,0.88,0.875,0.9333333333333333,0.96,0.88,0.875,0.9333333333333333,0.1282051282051282,1.0,0.2154696132596685,20|1034-C40-1078-A01-1122-A00-1166-A01-1210-A01-1254-A01-1298-A-770-A-814-A00-858-A01-902-A01-946-C40-985-A-986-A00-987-A01-988-A01-989-C40-991-C40-992-A01-993-A00-994-A01-995-A01-996-A-,10,29,56801
5,14,20,1.0,0.75,0.1324532357065044,0.5,0.35714285714285715,0.7222222222222222,0.3157894736842105,0.23684210526315788,0.17213259316477408,4,0.1111111111111111,0.7368421052631579,0.56,0.56,0.7368421052631579,0.5,0.72,0.72,0.7368421052631579,0.625,0.18518518518518517,0.16666666666666666,0.3023255813953488,20|1031-B-1034-C40-1038-A01-1078-A01-1082-A-1122-A01-1166-A01-1210-A01-1254-B20-1255-B-770-A-814-A01-858-A01-902-A01-946-C40-987-B20-988-A00-989-C40-991-C40-992-A01-993-A01-994-B0121-995-A-,10,29,56802
4,15,20,1.0,0.8461538461538461,0.10526315789473684,0.75,0.3333333333333333,0.8333333333333334,0.2631578947368421,0.25,0.06666666666666667,4,0.0,0.7894736842105263,0.8,0.8,0.9411764705882353,0.6666666666666666,0.88,0.88,0.9411764705882353,0.8,0.13986013986013987,0.2,0.23353293413173654,20|1034-C40-1078-A01-1122-A01-1166-A01-1210-A01-1254-B-726-B-770-A01-814-A01-858-A01-902-A01-942-A-946-C40-986-B21-987-A01-988-A01-989-C40-991-C40-992-A01-993-A01-994-A01-995-A01-996-B-,10,29,56803
2,17,20,1.0,0.9090909090909091,0.10078180081645664,0.0,0.875,0.5555555555555556,0.2631578947368421,0.21052631578947367,0.1539600717839002,4,0.0,0.8947368421052632,0.72,0.64,0.6666666666666666,0.5882352941176471,0.8,0.72,0.7777777777777778,0.7058823529411765,0.18181818181818182,0.6666666666666666,0.29770992366412213,20|1034-C40-1037-A-1038-B0120-1078-A01-1082-A-1122-A00-1166-A01-1210-A01-1254-A-814-A-858-A00-902-A01-946-C40-950-A-986-A-987-A01-988-A01-989-C40-991-C40-992-A01-993-A01-994-B011120-995-A-,10,29,56804
2,17,20,1.0,0.8461538461538461,0.13589415249850587,0.5,0.5,0.8333333333333334,0.3157894736842105,0.25,0.12765694770084507,4,0.0,0.8947368421052632,0.72,0.72,0.8235294117647058,0.6666666666666666,0.88,0.8,0.8235294117647058,0.8,0.13986013986013987,0.3333333333333333,0.23353293413173654,20|1034-C40-1078-A01-1122-A01-1166-A01-1210-A01-1254-A01-1298-A-770-A-814-A01-858-A01-902-A01-942-A-946-C40-986-B21-987-A01-988-A01-989-C40-991-C40-992-A01-993-A01-994-A01-995-A01-996-B-,10,29,56805
2,17,20,1.0,1.0,0.0607737125462764,0.0,0.875,0.5555555555555556,0.2631578947368421,0.19736842105263158,0.12765694770084507,4,0.0,0.8947368421052632,0.88,0.56,0.5555555555555556,0.7777777777777778,0.88,0.72,0.6666666666666666,0.8888888888888888,0.2,0.6666666666666666,0.325,20|1034-C40-1038-A-1078-A01-1122-A01-1164-A-1165-A01-1166-B011121-1167-A01-1168-A-1210-A-814-A-858-A01-902-A01-946-C40-986-A-987-A01-988-A01-989-C40-991-C40-992-A01-993-A01-994-B0121-995-A-,10,29,56806
8,11,20,1.0,0.9,0.10078180081645664,0.6666666666666666,0.6428571428571429,0.3333333333333333,0.21052631578947367,0.17105263157894737,0.12765694770084507,4,0.2222222222222222,0.5789473684210527,0.4,0.4,0.7368421052631579,0.6666666666666666,0.72,0.64,0.7368421052631579,0.6666666666666666,0.2222222222222222,0.3333333333333333,0.3577981651376147,20|1034-C40-1078-A00-1079-A-1121-B-1122-B001020-1123-B0121-1124-A-1166-B0021-1167-A-1210-B-814-B-857-B-858-B0020-902-A00-946-C40-987-A-988-A01-989-C40-991-C40-992-A01-993-A01-994-A01-995-A-,10,29,56807
4,15,20,1.0,0.8333333333333334,0.08594700851870801,0.75,0.5,0.6666666666666666,0.2631578947368421,0.21052631578947367,0.10886621079036347,4,0.2222222222222222,0.7894736842105263,0.56,0.64,0.7777777777777778,0.5,0.8,0.8,0.8888888888888888,0.75,0.16666666666666666,0.4,0.2746478873239437,20|1034-C40-1037-A-1078-A01-1122-A01-1166-A01-1210-A01-1254-A-770-B-814-A00-858-A01-902-A01-905-A-946-C40-949-A01-986-B-987-A00-988-A01-989-C41-991-C40-992-A00-993-B011121-994-A01-995-B-,10,29,56808
3,16,20,1.0,0.8333333333333334,0.19218335351058463,0.3333333333333333,0.5,0.7222222222222222,0.3157894736842105,0.23684210526315788,0.17213259316477408,4,0.3333333333333333,0.8421052631578947,0.8,0.48,0.5555555555555556,0.5,0.8,0.64,0.6666666666666666,0.625,0.16666666666666666,0.25,0.2746478873239437,20|1031-A-1034-C40-1078-A01-1122-A01-1166-A01-1210-A01-1254-A01-1298-A-814-A-856-B-857-A01-858-B0121-902-A00-946-C40-987-B21-988-A00-989-C40-991-C40-992-A01-993-A01-994-A01-995-A01-996-A-,10,29,56809
3,16,20,1.0,0.8333333333333334,0.08594700851870801,0.3333333333333333,0.5,0.7222222222222222,0.3157894736842105,0.23684210526315788,0.17213259316477408,4,0.0,0.8421052631578947,0.8,0.8,0.7777777777777778,0.75,0.8,0.8,0.7777777777777778,0.75,0.16666666666666666,0.25,0.2746478873239437,20|1034-C40-1039-A-1078-A01-1122-A01-1166-A00-1208-A-1209-A01-1210-B0121-1254-A-770-B-814-A00-858-A01-902-A01-946-C40-986-A-987-A01-988-A01-989-C40-991-C40-992-A01-993-A01-994-A00-995-B21-,10,29,56810
0,19,20,1.0,0.9230769230769231,0.05263157894736842,0.0,1.0,0.8333333333333334,0.2631578947368421,0.25,0.06666666666666667,4,0.0,1.0,0.96,0.96,1.0,0.9333333333333333,0.96,0.96,1.0,0.9333333333333333,0.1282051282051282,1.0,0.2154696132596685,20|1034-C40-1078-A01-1122-A01-1166-A01-1210-A01-1254-A-726-A-770-A01-814-A01-858-A01-902-A01-946-C40-985-A-986-A01-987-A01-988-A01-989-C40-991-C40-992-A01-993-A01-994-A01-995-A01-996-A-,10,29,56811
0,19,20,1.0,0.9230769230769231,0.10078180081645664,0.0,1.0,0.8333333333333334,0.3157894736842105,0.25,0.12765694770084507,4,0.0,1.0,0.96,0.88,0.875,0.9333333333333333,0.96,0.88,0.875,0.9333333333333333,0.1282051282051282,1.0,0.2154696132596685,20|1034-C40-1078-A01-1122-A01-1166-A01-1210-A01-1254-A01-1298-A-770-A-814-A01-858-A01-902-A01-946-C40-985-A-986-A01-987-A01-988-A01-989-C40-991-C40-992-A01-993-A01-994-A01-995-A01-996-A-,10,29,56812
6,13,20,1.0,0.9166666666666666,0.10078180081645664,0.6,0.35714285714285715,0.7222222222222222,0.3157894736842105,0.23684210526315788,0.17213259316477408,4,0.0,0.6842105263157895,0.88,0.8,0.8235294117647058,0.75,0.88,0.8,0.8235294117647058,0.75,0.15151515151515152,0.16666666666666666,0.25161290322580643,20|1034-C40-1078-A01-1122-A01-1166-A00-1209-B-1210-B0020-1253-A-1254-B21-770-B-814-A00-858-A01-902-A01-946-C40-986-A-987-A01-988-A01-989-C40-991-C40-992-A01-993-A01-994-A00-995-B00-996-B-,10,29,56813
0,19,20,1.0,0.9230769230769231,0.10078180081645664,0.0,1.0,0.8333333333333334,0.3157894736842105,0.25,0.12765694770084507,4,0.0,1.0,0.96,0.88,0.875,0.9333333333333333,0.96,0.88,0.875,0.9333333333333333,0.1282051282051282,1.0,0.2154696132596685,20|1034-C40-1078-A01-1122-A01-1166-A01-1210-A01-1254-A01-1298-A-770-A-814-A01-858-A01-902-A01-946-C40-985-A-986-A01-987-A01-988-A01-989-C40-991-C40-992-A01-993-A01-994-A01-995-A01-996-A-,10,29,56814
12,7,20,1.0,0.8,0.14886458551295736,0.7777777777777778,0.5714285714285714,0.4444444444444444,0.2631578947368421,0.18421052631578946,0.2309401076758503,4,0.0,0.368421052631579,0.72,0.56,0.7,0.5555555555555556,0.72,0.56,0.7,0.5555555555555556,0.25,0.3333333333333333,0.3979591836734694,20|1034-C40-1038-B-1078-A01-1121-B-1122-A01-1164-B-1165-B0020-1166-B001020-1167-B-1209-B-1210-B20-814-B20-815-B-858-A01-902-A01-946-C40-988-A-989-C40-991-C40-992-A01-993-A01-994-B0020-995-B-,10,29,56815
0,19,20,1.0,0.9230769230769231,0.10078180081645664,0.0,1.0,0.8333333333333334,0.3157894736842105,0.25,0.12765694770084507,4,0.0,1.0,0.96,0.88,0.875,0.9333333333333333,0.96,0.88,0.875,0.9333333333333333,0.1282051282051282,1.0,0.2154696132596685,20|1034-C40-1078-A00-1122-A00-1166-A00-1210-A00-1254-A00-1298-A-770-A-814-A00-858-A00-902-A00-946-C40-985-A-986-A00-987-A00-988-A00-989-C40-991-C40-992-A00-993-A00-994-A00-995-A00-996-A-,10,29,56816
3,16,20,1.0,0.9166666666666666,0.10078180081645664,0.6666666666666666,0.5,0.7222222222222222,0.3157894736842105,0.23684210526315788,0.17213259316477408,4,0.0,0.8421052631578947,0.72,0.72,0.8235294117647058,0.75,0.88,0.8,0.8235294117647058,0.75,0.15151515151515152,0.25,0.25161290322580643,20|1034-C40-1078-A01-1122-A01-1166-A00-1208-A-1209-A00-1210-B0021-1254-B-770-B-814-A00-858-A01-902-A01-946-C40-986-A-987-A01-988-A01-989-C40-991-C40-992-A01-993-A01-994-A01-995-A01-996-A-,10,29,56817
3,16,20,1.0,0.8333333333333334,0.08594700851870801,0.3333333333333333,0.5,0.7222222222222222,0.3157894736842105,0.23684210526315788,0.17213259316477408,4,0.0,0.8421052631578947,0.8,0.8,0.7777777777777778,0.75,0.8,0.8,0.7777777777777778,0.75,0.16666666666666666,0.25,0.2746478873239437,20|1034-C40-1039-A-1078-A01-1122-A01-1166-A00-1208-A-1209-A01-1210-B0121-1254-A-770-B-814-A00-858-A01-902-A01-946-C40-986-A-987-A01-988-A01-989-C40-991-C40-992-A01-993-A01-994-A00-995-B21-,10,29,56818
2,17,20,1.0,0.8461538461538461,0.13589415249850587,0.5,0.5,0.8333333333333334,0.3157894736842105,0.25,0.12765694770084507,4,0.0,0.8947368421052632,0.8,0.72,0.8235294117647058,0.6666666666666666,0.88,0.8,0.8235294117647058,0.8,0.13986013986013987,0.3333333333333333,0.23353293413173654,20|1034-C40-1078-A01-1122-A01-1166-A01-1210-A01-1254-A01-1298-A-770-A-814-A01-858-A01-902-A01-942-B-946-C40-986-B20-987-A00-988-A01-989-C41-991-C40-992-A01-993-A01-994-A01-995-A01-996-A-,10,29,56819
5,14,20,1.0,0.7692307692307693,0.1324532357065044,0.75,0.35714285714285715,0.7222222222222222,0.3157894736842105,0.23684210526315788,0.17213259316477408,4,0.0,0.7368421052631579,0.64,0.72,0.5555555555555556,0.8,0.8,0.8,0.7777777777777778,0.8,0.15384615384615385,0.16666666666666666,0.2549019607843137,20|1034-C40-1039-A-1078-A01-1122-A01-1166-A01-1210-A01-1254-A00-1298-B-770-B-814-B0020-815-B-858-A01-902-A01-946-C40-986-A-987-A01-988-A01-989-C40-991-C40-992-A01-993-A01-994-A00-995-B21-,10,29,56820
1,18,20,1.0,0.9166666666666666,0.15789473684210528,0.0,0.8333333333333334,0.7222222222222222,0.3157894736842105,0.23684210526315788,0.17213259316477408,4,0.0,0.9473684210526316,0.8,0.64,0.5882352941176471,0.875,0.88,0.72,0.7058823529411765,0.875,0.15151515151515152,0.5,0.25161290322580643,20|1034-C40-1078-A01-1122-A01-1166-A01-1210-A01-1254-A01-1298-A-813-A-814-B1121-815-A-858-A01-902-A01-946-C40-986-A-987-A01-988-A01-989-C40-991-C40-992-A01-993-A01-994-A01-995-A01-996-A-,10,29,56821
0,19,20,1.0,0.9230769230769231,0.05263157894736842,0.0,1.0,0.8333333333333334,0.2631578947368421,0.25,0.06666666666666667,4,0.0,1.0,0.96,0.96,1.0,0.9333333333333333,0.96,0.96,1.0,0.9333333333333333,0.1282051282051282,1.0,0.2154696132596685,20|1034-C40-1078-A01-1122-A01-1166-A01-1210-A01-1254-A-726-A-770-A01-814-A01-858-A01-902-A01-946-C40-985-A-986-A01-987-A01-988-A01-989-C40-991-C40-992-A01-993-A01-994-A01-995-A01-996-A-,10,29,56822
0,19,20,1.0,0.9230769230769231,0.10078180081645664,0.0,1.0,0.8333333333333334,0.3157894736842105,0.25,0.12765694770084507,4,0.0,1.0,0.96,0.88,0.875,0.9333333333333333,0.96,0.88,0.875,0.9333333333333333,0.1282051282051282,1.0,0.2154696132596685,20|1034-C40-1078-A01-1122-A01-1166-A01-1210-A01-1254-A01-1298-A-770-A-814-A01-858-A01-902-A01-946-C40-985-A-986-A01-987-A01-988-A01-989-C40-991-C40-992-A01-993-A01-994-A01-995-A01-996-A-,10,29,56823
0,19,20,1.0,0.9230769230769231,0.05263157894736842,0.0,1.0,0.8333333333333334,0.2631578947368421,0.25,0.06666666666666667,4,0.0,1.0,0.96,0.96,1.0,0.9333333333333333,0.96,0.96,1.0,0.9333333333333333,0.1282051282051282,1.0,0.2154696132596685,20|1034-C40-1078-A00-1122-A00-1166-A00-1210-A00-1254-A-726-A-770-A00-814-A00-858-A00-902-A00-946-C40-985-A-986-A00-987-A00-988-A00-989-C40-991-C40-992-A00-993-A00-994-A00-995-A00-996-A-,10,29,56824
3,16,20,1.0,0.8461538461538461,0.13589415249850587,0.6666666666666666,0.5,0.7222222222222222,0.3157894736842105,0.23684210526315788,0.17213259316477408,4,0.0,0.8421052631578947,0.72,0.72,0.8235294117647058,0.8,0.88,0.8,0.8235294117647058,0.8,0.13986013986013987,0.25,0.23353293413173654,20|1034-C40-1039-B-1078-A01-1122-A01-1166-A01-1210-A01-1254-A01-1298-A-770-A-814-A01-858-A01-902-A01-946-C40-986-A-987-A01-988-A01-989-C40-991-C40-992-A01-993-A01-994-A00-995-B0020-996-B-,10,29,56825
5,14,20,1.0,0.8888888888888888,0.10078180081645664,0.5,0.5714285714285714,0.5,0.2631578947368421,0.18421052631578946,0.17213259316477408,4,0.4444444444444444,0.7368421052631579,0.8333333333333334,0.64,0.7,0.631578947368421,0.8333333333333334,0.64,0.7,0.631578947368421,0.2777777777777778,0.5,0.43820224719101125,20|1034-C40-1037-A-1078-A00-1121-A-1122-B011021-1123-A00-1124-A01-1125-B-1166-A01-1210-A-857-A-858-B21-902-A00-905-A-946-C40-949-A00-987-B-988-A00-989-C40-991-C40-992-A00-993-B011021-994-A-,10,29,56826
0,19,20,1.0,0.9230769230769231,0.10078180081645664,0.0,1.0,0.8333333333333334,0.3157894736842105,0.25,0.12765694770084507,4,0.0,1.0,0.96,0.88,0.875,0.9333333333333333,0.96,0.88,0.875,0.9333333333333333,0.1282051282051282,1.0,0.2154696132596685,20|1034-C40-1078-A01-1122-A01-1166-A00-1210-A01-1254-A00-1298-A-770-A-814-A00-858-A01-902-A01-946-C40-985-A-986-A00-987-A01-988-A01-989-C40-991-C40-992-A01-993-A01-994-A00-995-A01-996-A-,10,29,56827
4,15,20,1.0,0.8461538461538461,0.13589415249850587,0.75,0.4166666666666667,0.7222222222222222,0.3157894736842105,0.23684210526315788,0.17213259316477408,4,0.0,0.7894736842105263,0.88,0.8,0.8235294117647058,0.8,0.88,0.8,0.8235294117647058,0.8,0.13986013986013987,0.2,0.23353293413173654,20|1034-C40-1078-A01-1122-A01-1166-A01-1210-A01-1254-B0020-1255-B-1298-B-770-A-814-A01-858-A01-902-A01-946-C40-986-A-987-A01-988-A01-989-C40-991-C40-992-A01-993-A01-994-A01-995-A01-996-B-,10,29,56828
0,19,20,1.0,0.9230769230769231,0.10078180081645664,0.0,1.0,0.8333333333333334,0.3157894736842105,0.25,0.12765694770084507,4,0.0,1.0,0.96,0.88,0.875,0.9333333333333333,0.96,0.88,0.875,0.9333333333333333,0.1282051282051282,1.0,0.2154696132596685,20|1034-C40-1078-A01-1122-A00-1166-A01-1210-A01-1254-A00-1298-A-770-A-814-A01-858-A00-902-A01-946-C40-985-A-986-A01-987-A00-988-A01-989-C40-991-C40-992-A01-993-A00-994-A01-995-A01-996-A-,10,29,56829
5,14,20,1.0,0.9090909090909091,0.10078180081645664,0.75,0.5,0.5555555555555556,0.2631578947368421,0.19736842105263158,0.12765694770084507,4,0.1111111111111111,0.7368421052631579,0.88,0.72,0.6666666666666666,0.8235294117647058,0.88,0.72,0.6666666666666666,0.8235294117647058,0.18181818181818182,0.3333333333333333,0.29770992366412213,20|1034-C40-1038-A-1078-A01-1122-A01-1164-A-1165-A00-1166-B011121-1167-A-1210-A01-1254-B-814-B-858-A01-902-A01-946-C40-986-B-987-A01-988-A01-989-C40-991-C40-992-A01-993-A01-994-B0121-995-A-,10,29,56830
0,19,20,1.0,0.9230769230769231,0.10078180081645664,0.0,1.0,0.8333333333333334,0.3157894736842105,0.25,0.12765694770084507,4,0.0,1.0,0.96,0.88,0.875,0.9333333333333333,0.96,0.88,0.875,0.9333333333333333,0.1282051282051282,1.0,0.2154696132596685,20|1034-C40-1078-A01-1122-A01-1166-A01-1210-A01-1254-A01-1298-A-770-A-814-A01-858-A01-902-A01-946-C40-985-A-986-A01-987-A01-988-A01-989-C40-991-C40-992-A01-993-A01-994-A01-995-A01-996-A-,10,29,56831
5,14,20,1.0,0.8,0.08594700851870801,0.5,0.6428571428571429,0.3888888888888889,0.21052631578947367,0.17105263157894737,0.12765694770084507,4,0.1111111111111111,0.7368421052631579,0.48,0.56,0.4,0.5555555555555556,0.72,0.64,0.7,0.6666666666666666,0.25,0.5,0.3979591836734694,20|1034-C40-1038-B-1078-A00-1079-A-1121-A-1122-B011120-1123-B011121-1124-A-1166-A01-1167-A-1210-A-814-B-858-A01-902-A01-946-C40-950-A-987-A-988-A01-989-C40-991-C40-992-A01-993-A01-994-B1120-,10,29,56832
0,19,20,1.0,0.9230769230769231,0.10078180081645664,0.0,1.0,0.8333333333333334,0.3157894736842105,0.25,0.12765694770084507,4,0.0,1.0,0.96,0.88,0.875,0.9333333333333333,0.96,0.88,0.875,0.9333333333333333,0.1282051282051282,1.0,0.2154696132596685,20|1034-C40-1078-A01-1122-A01-1166-A01-1210-A01-1254-A01-1298-A-770-A-814-A01-858-A01-902-A00-946-C40-985-A-986-A01-987-A01-988-A01-989-C40-991-C40-992-A01-993-A01-994-A01-995-A01-996-A-,10,29,56833
0,19,20,1.0,0.9230769230769231,0.10078180081645664,0.0,1.0,0.8333333333333334,0.3157894736842105,0.25,0.12765694770084507,4,0.0,1.0,0.96,0.88,0.875,0.9333333333333333,0.96,0.88,0.875,0.9333333333333333,0.1282051282051282,1.0,0.2154696132596685,20|1034-C40-1078-A01-1122-A01-1166-A01-1210-A01-1254-A01-1298-A-770-A-814-A01-858-A01-902-A01-946-C40-985-A-986-A01-987-A01-988-A01-989-C41-991-C40-992-A01-993-A01-994-A01-995-A01-996-A-,10,29,56834
11,8,20,1.0,0.8181818181818182,0.13589415249850587,0.875,0.5714285714285714,0.4444444444444444,0.2631578947368421,0.18421052631578946,0.17213259316477408,4,0.1111111111111111,0.42105263157894735,0.72,0.56,0.631578947368421,0.5882352941176471,0.8,0.64,0.631578947368421,0.7058823529411765,0.20202020202020202,0.3333333333333333,0.3277310924369748,20|1034-C40-1038-B-1078-A01-1121-A-1122-A01-1165-B21-1166-B001020-1167-B-1209-B-1210-B0020-1254-B-814-B-858-A01-902-A01-946-C40-987-B-988-A01-989-C41-991-C40-992-A01-993-A01-994-B0020-995-B-,10,29,56835
6,13,20,1.0,1.0,0.1215474250925528,0.4,0.35714285714285715,0.7222222222222222,0.3157894736842105,0.23684210526315788,0.17213259316477408,4,0.2222222222222222,0.6842105263157895,0.8,0.4,0.47058823529411764,0.47058823529411764,0.88,0.72,0.7058823529411765,0.7058823529411765,0.1652892561983471,0.16666666666666666,0.2727272727272727,20|1034-C40-1078-A01-1122-A01-1166-A01-1210-A01-1253-B-1254-B10-813-A-814-B21-857-A-858-B0021-902-A00-946-C40-986-B-987-B00-988-A00-989-C40-991-C40-992-A01-993-A01-994-A01-995-A01-996-A-,10,29,56836
0,19,20,1.0,0.9230769230769231,0.10078180081645664,0.0,1.0,0.8333333333333334,0.3157894736842105,0.25,0.12765694770084507,4,0.0,1.0,0.96,0.88,0.875,0.9333333333333333,0.96,0.88,0.875,0.9333333333333333,0.1282051282051282,1.0,0.2154696132596685,20|1034-C40-1078-A01-1122-A01-1166-A01-1210-A01-1254-A01-1298-A-770-A-814-A01-858-A01-902-A01-946-C40-985-A-986-A01-987-A01-988-A01-989-C40-991-C40-992-A01-993-A01-994-A01-995-A01-996-A-,10,29,56837
0,19,20,1.0,0.9230769230769231,0.10078180081645664,0.0,1.0,0.8333333333333334,0.3157894736842105,0.25,0.12765694770084507,4,0.0,1.0,0.96,0.88,0.875,0.9333333333333333,0.96,0.88,0.875,0.9333333333333333,0.1282051282051282,1.0,0.2154696132596685,20|1034-C40-1078-A01-1122-A01-1166-A01-1210-A01-1254-A01-1298-A-770-A-814-A01-858-A01-902-A01-946-C40-985-A-986-A01-987-A01-988-A01-989-C40-991-C40-992-A01-993-A01-994-A01-995-A01-996-A-,10,29,56838
2,17,20,1.0,0.8461538461538461,0.13589415249850587,0.5,0.625,0.7222222222222222,0.3157894736842105,0.23684210526315788,0.17213259316477408,4,0.0,0.8947368421052632,0.88,0.8,0.8235294117647058,0.8,0.88,0.8,0.8235294117647058,0.8,0.13986013986013987,0.3333333333333333,0.23353293413173654,20|1034-C40-1078-A01-1122-A01-1166-A01-1210-A01-1254-B0121-1255-A-1298-A-770-A-814-A01-858-A01-902-A01-946-C40-986-A-987-A01-988-A01-989-C40-991-C40-992-A01-993-A01-994-A01-995-A01-996-B-,10,29,56839
7,12,20,1.0,0.8461538461538461,0.13589415249850587,0.6666666666666666,0.35714285714285715,0.7222222222222222,0.3157894736842105,0.23684210526315788,0.17213259316477408,4,0.2222222222222222,0.631578947368421,0.88,0.4,0.47058823529411764,0.5333333333333333,0.88,0.8,0.8235294117647058,0.8,0.13986013986013987,0.16666666666666666,0.23353293413173654,20|1034-C40-1078-A01-1122-A01-1166-A01-1210-A01-1254-A00-1298-B-770-B-814-B00-857-B-858-B0020-902-A00-946-C40-986-B-987-B00-988-A00-989-C40-991-C40-992-A01-993-A01-994-A01-995-A01-996-A-,10,29,56840
2,17,20,1.0,0.8461538461538461,0.13589415249850587,0.5,0.5,0.8333333333333334,0.3157894736842105,0.25,0.12765694770084507,4,0.0,0.8947368421052632,0.8,0.72,0.8235294117647058,0.6666666666666666,0.88,0.8,0.8235294117647058,0.8,0.13986013986013987,0.3333333333333333,0.23353293413173654,20|1034-C40-1078-A01-1122-A01-1166-A01-1210-A01-1254-A00-1298-B-770-A-814-A01-858-A01-902-A01-942-A-946-C40-986-B21-987-A01-988-A01-989-C40-991-C40-992-A01-993-A01-994-A01-995-A01-996-A-,10,29,56841
0,19,20,1.0,0.9230769230769231,0.10078180081645664,0.0,1.0,0.8333333333333334,0.3157894736842105,0.25,0.12765694770084507,4,0.0,1.0,0.96,0.88,0.875,0.9333333333333333,0.96,0.88,0.875,0.9333333333333333,0.1282051282051282,1.0,0.2154696132596685,20|1034-C40-1078-A01-1122-A01-1166-A01-1210-A01-1254-A01-1298-A-770-A-814-A01-858-A01-902-A01-946-C40-985-A-986-A01-987-A01-988-A01-989-C40-991-C40-992-A01-993-A01-994-A01-995-A01-996-A-,10,29,56842
2,17,20,1.0,0.9230769230769231,0.10078180081645664,1.0,0.5,0.8333333333333334,0.3157894736842105,0.25,0.12765694770084507,4,0.0,0.8947368421052632,0.88,0.88,0.875,0.9333333333333333,0.96,0.88,0.875,0.9333333333333333,0.1282051282051282,0.3333333333333333,0.2154696132596685,20|1034-C40-1078-A01-1122-A01-1166-A01-1210-A01-1254-A00-1298-B-770-A-814-A01-858-A01-902-A01-946-C40-985-A-986-A01-987-A01-988-A01-989-C41-991-C40-992-A01-993-A01-994-A01-995-A01-996-B-,10,29,56843
2,17,20,1.0,1.0,0.0607737125462764,0.5,0.5,0.8333333333333334,0.3157894736842105,0.25,0.12765694770084507,4,0.0,0.8947368421052632,0.96,0.88,0.875,0.875,0.96,0.88,0.875,0.875,0.1388888888888889,0.3333333333333333,0.23214285714285715,20|1034-C40-1078-A01-1122-A01-1166-A01-1210-A01-1254-B21-1255-A-770-A-814-A01-858-A01-902-A01-946-C40-985-A-986-A01-987-A01-988-A01-989-C40-991-C40-992-A01-993-A01-994-A01-995-A01-996-B-,10,29,56844
4,15,20,1.0,0.7692307692307693,0.1324532357065044,0.5,0.4166666666666667,0.7222222222222222,0.3157894736842105,0.23684210526315788,0.17213259316477408,4,0.0,0.7894736842105263,0.56,0.56,0.7777777777777778,0.8,0.8,0.8,0.7777777777777778,0.8,0.15384615384615385,0.2,0.2549019607843137,20|1034-C40-1038-B-1039-A-1078-A01-1122-A01-1166-A01-1210-A01-1254-A01-1298-A-770-A-814-A01-858-A01-902-A01-946-C40-986-B-987-A01-988-A01-989-C40-991-C40-992-A01-993-A01-994-B0020-995-B21-,10,29,56845
5,14,20,1.0,1.0,0.1215474250925528,0.75,0.35714285714285715,0.7222222222222222,0.3157894736842105,0.23684210526315788,0.17213259316477408,4,0.2222222222222222,0.7368421052631579,0.72,0.56,0.5882352941176471,0.5882352941176471,0.88,0.72,0.7058823529411765,0.7058823529411765,0.1652892561983471,0.16666666666666666,0.2727272727272727,20|1034-C40-1078-A00-1122-A01-1166-A01-1210-A00-1253-A-1254-B21-814-A-856-B-857-A01-858-B0121-902-A00-946-C40-986-B-987-A01-988-A01-989-C40-991-C40-992-A01-993-A01-994-A01-995-A01-996-B-,10,29,56846
4,15,20,1.0,0.9230769230769231,0.10078180081645664,0.75,0.3333333333333333,0.8333333333333334,0.3157894736842105,0.25,0.12765694770084507,4,0.0,0.7894736842105263,0.72,0.72,0.875,0.6666666666666666,0.96,0.88,0.875,0.9333333333333333,0.1282051282051282,0.2,0.2154696132596685,20|1034-C40-1078-A01-1122-A00-1166-A01-1210-A01-1254-A01-1298-B-770-A-814-A01-858-A00-902-A01-946-C40-985-B-986-B00-987-A01-988-A01-989-C40-991-C40-992-A01-993-A00-994-A01-995-A00-996-B-,10,29,56847
2,17,20,1.0,0.8461538461538461,0.13589415249850587,0.5,0.625,0.7222222222222222,0.3157894736842105,0.23684210526315788,0.17213259316477408,4,0.0,0.8947368421052632,0.88,0.8,0.8235294117647058,0.8,0.88,0.8,0.8235294117647058,0.8,0.13986013986013987,0.3333333333333333,0.23353293413173654,20|1034-C40-1078-A01-1122-A01-1166-A01-1210-A01-1254-B0121-1255-A-1298-A-770-A-814-A01-858-A01-902-A01-946-C40-986-A-987-A01-988-A01-989-C40-991-C40-992-A01-993-A01-994-A01-995-A01-996-B-,10,29,56848
0,19,20,1.0,0.9230769230769231,0.10078180081645664,0.0,1.0,0.8333333333333334,0.3157894736842105,0.25,0.12765694770084507,4,0.0,1.0,0.96,0.88,0.875,0.9333333333333333,0.96,0.88,0.875,0.9333333333333333,0.1282051282051282,1.0,0.2154696132596685,20|1034-C40-1078-A01-1122-A01-1166-A01-1210-A01-1254-A01-1298-A-770-A-814-A01-858-A01-902-A01-946-C40-985-A-986-A01-987-A01-988-A01-989-C40-991-C40-992-A01-993-A01-994-A01-995-A01-996-A-,10,29,56849
0,19,20,1.0,0.9230769230769231,0.10078180081645664,0.0,1.0,0.8333333333333334,0.3157894736842105,0.25,0.12765694770084507,4,0.0,1.0,0.96,0.88,0.875,0.9333333333333333,0.96,0.88,0.875,0.9333333333333333,0.1282051282051282,1.0,0.2154696132596685,20|1034-C40-1078-A01-1122-A01-1166-A01-1210-A01-1254-A01-1298-A-770-A-814-A01-858-A01-902-A01-946-C40-985-A-986-A01-987-A01-988-A01-989-C40-991-C40-992-A01-993-A01-994-A01-995-A01-996-A-,10,29,56850
0,19,20,1.0,0.7857142857142857,0.19925994195790434,0.0,1.0,0.8333333333333334,0.3157894736842105,0.25,0.25239592648001213,4,0.0,1.0,0.88,0.8,0.9411764705882353,0.7142857142857143,0.88,0.8,0.9411764705882353,0.7142857142857143,0.12987012987012986,1.0,0.21787709497206703,20|1034-C40-1078-A01-1122-A01-1166-A01-1210-A01-1254-A01-1298-A-726-A-770-A01-814-A01-858-A01-902-A01-946-C40-987-A-988-A01-989-C40-991-C40-992-A01-993-A01-994-A01-995-A01-996-A01-997-A-,10,29,56851
4,15,20,1.0,0.8181818181818182,0.13589415249850587,0.0,0.4166666666666667,0.7222222222222222,0.3157894736842105,0.23684210526315788,0.17213259316477408,4,0.1111111111111111,0.7894736842105263,0.56,0.56,0.5263157894736842,0.47058823529411764,0.72,0.64,0.631578947368421,0.5882352941176471,0.20202020202020202,0.2,0.3277310924369748,20|1031-A-1034-C40-1038-A01-1078-A01-1082-A-1122-A01-1166-A01-1210-A01-1254-B21-1255-A-814-B21-815-A-858-A01-902-A01-946-C40-987-B21-988-A00-989-C40-991-C40-992-A01-993-A01-994-B0121-995-A-,10,29,56852
4,15,20,1.0,0.8333333333333334,0.08594700851870801,0.25,0.4166666666666667,0.7222222222222222,0.2631578947368421,0.23684210526315788,0.0769800358919501,4,0.0,0.7894736842105263,0.72,0.72,0.7777777777777778,0.625,0.8,0.8,0.7777777777777778,0.75,0.16666666666666666,0.2,0.2746478873239437,20|1034-C40-1039-A-1078-A01-1122-A01-1166-A00-1209-A-1210-B0121-1254-A-770-B-814-A00-858-A01-902-A01-942-A-946-C40-986-B21-987-A01-988-A01-989-C40-991-C40-992-A01-993-A01-994-A00-995-B21-,10,29,56853
0,19,20,1.0,0.9230769230769231,0.10078180081645664,0.0,1.0,0.8333333333333334,0.3157894736842105,0.25,0.12765694770084507,4,0.0,1.0,0.96,0.88,0.875,0.9333333333333333,0.96,0.88,0.875,0.9333333333333333,0.1282051282051282,1.0,0.2154696132596685,20|1034-C40-1078-A01-1122-A01-1166-A01-1210-A01-1254-A01-1298-A-770-A-814-A01-858-A01-902-A01-946-C40-985-A-986-A01-987-A01-988-A01-989-C40-991-C40-992-A01-993-A01-994-A01-995-A01-996-A-,10,29,56854
13,6,20,1.0,0.8888888888888888,0.05263157894736842,0.8,0.6428571428571429,0.3888888888888889,0.21052631578947367,0.17105263157894737,0.12765694770084507,4,0.3333333333333333,0.3157894736842105,0.72,0.56,0.6,0.631578947368421,0.8,0.64,0.7,0.631578947368421,0.2777777777777778,0.5,0.43820224719101125,20|1034-C40-1037-B-1078-A00-1079-B-1121-B-1122-B001020-1123-B0020-1124-B-1166-B21-1167-A-814-B-858-A00-902-A00-946-C40-948-B-949-B20-987-B-988-A00-989-C40-991-C40-992-A00-993-B001020-994-B-,10,29,56855
1,18,20,1.0,0.8461538461538461,0.13589415249850587,0.0,0.8333333333333334,0.7222222222222222,0.3157894736842105,0.23684210526315788,0.17213259316477408,4,0.1111111111111111,0.9473684210526316,0.8,0.72,0.8235294117647058,0.6666666666666666,0.88,0.8,0.8235294117647058,0.8,0.13986013986013987,0.5,0.23353293413173654,20|1031-A-1034-C40-1078-A00-1122-A00-1166-A01-1210-A01-1254-A01-1298-A-770-A-814-A01-858-A01-902-A01-946-C40-986-A-987-B0121-988-A00-989-C40-991-C40-992-A01-993-A01-994-A01-995-A01-996-A-,10,29,56856
6,13,20,1.0,0.8,0.08594700851870801,0.6,0.6428571428571429,0.3888888888888889,0.21052631578947367,0.17105263157894737,0.12765694770084507,4,0.6666666666666666,0.6842105263157895,0.72,0.8,0.8,0.6666666666666666,0.72,0.8,0.8,0.6666666666666666,0.25,0.5,0.3979591836734694,20|1034-C40-1037-A-1078-A00-1122-B0121-1123-A-1166-A-770-A-814-A00-856-B-857-A01-858-B011121-859-A-902-A00-905-B-946-C40-949-A01-987-B-988-A00-989-C40-991-C40-992-A00-993-B011121-994-A-,10,29,56857
5,14,20,1.0,0.9090909090909091,0.05263157894736842,0.75,0.5,0.5555555555555556,0.21052631578947367,0.21052631578947367,0.0,4,0.2222222222222222,0.7368421052631579,0.56,0.64,0.6666666666666666,0.5882352941176471,0.8,0.8,0.8888888888888888,0.7058823529411765,0.18181818181818182,0.3333333333333333,0.29770992366412213,20|1034-C40-1037-A-1078-A00-1122-A00-1166-A01-1210-A-770-B-814-B0020-815-B-858-A01-902-A01-905-B-946-C40-949-A01-985-A-986-A01-987-A01-988-A00-989-C40-991-C40-992-A00-993-B011121-994-A-,10,29,56858
0,19,20,1.0,0.9230769230769231,0.10078180081645664,0.0,1.0,0.8333333333333334,0.3157894736842105,0.25,0.12765694770084507,4,0.0,1.0,0.96,0.88,0.875,0.9333333333333333,0.96,0.88,0.875,0.9333333333333333,0.1282051282051282,1.0,0.2154696132596685,20|1034-C40-1078-A01-1122-A01-1166-A01-1210-A01-1254-A01-1298-A-770-A-814-A01-858-A01-902-A00-946-C40-985-A-986-A01-987-A01-988-A00-989-C40-991-C40-992-A01-993-A01-994-A01-995-A01-996-A-,10,29,56859
3,16,20,1.0,0.6923076923076923,0.17189401703741602,0.6666666666666666,0.6,0.6666666666666666,0.3157894736842105,0.2236842105263158,0.2277100170213244,4,0.0,0.8421052631578947,0.56,0.64,0.7368421052631579,0.6666666666666666,0.72,0.72,0.8421052631578947,0.6666666666666666,0.17094017094017094,0.5,0.2805755395683453,20|1034-C40-1038-A00-1078-A01-1082-A-1122-A01-1166-A01-1210-A01-1254-A01-1298-A-770-B-814-A00-858-A01-902-A01-946-C40-950-A-987-A-988-A01-989-C40-991-C40-992-A01-993-A01-994-B001121-995-B-,10,29,56860
0,19,20,1.0,0.9230769230769231,0.10078180081645664,0.0,1.0,0.8333333333333334,0.3157894736842105,0.25,0.12765694770084507,4,0.0,1.0,0.96,0.88,0.875,0.9333333333333333,0.96,0.88,0.875,0.9333333333333333,0.1282051282051282,1.0,0.2154696132596685,20|1034-C40-1078-A01-1122-A01-1166-A01-1210-A01-1254-A01-1298-A-770-A-814-A01-858-A01-902-A01-946-C40-985-A-986-A01-987-A01-988-A01-989-C40-991-C40-992-A01-993-A01-994-A01-995-A01-996-A-,10,29,56861
1,18,20,1.0,0.9230769230769231,0.10078180081645664,1.0,0.6666666666666666,0.8333333333333334,0.3157894736842105,0.25,0.12765694770084507,4,0.0,0.9473684210526316,0.96,0.88,0.875,0.9333333333333333,0.96,0.88,0.875,0.9333333333333333,0.1282051282051282,0.5,0.2154696132596685,20|1034-C40-1078-A01-1122-A01-1166-A01-1210-A01-1254-A00-1298-B-770-A-814-A01-858-A01-902-A01-946-C40-985-A-986-A01-987-A01-988-A01-989-C40-991-C40-992-A01-993-A01-994-A01-995-A01-996-A-,10,29,56862
3,16,20,1.0,0.9,0.10078180081645664,0.3333333333333333,0.8,0.5,0.2631578947368421,0.18421052631578946,0.17213259316477408,4,0.2222222222222222,0.8421052631578947,0.48,0.56,0.631578947368421,0.5555555555555556,0.72,0.64,0.7368421052631579,0.6666666666666666,0.2222222222222222,0.75,0.3577981651376147,20|1034-C40-1037-A-1078-A01-1122-A01-1164-A-1165-A01-1166-B011121-1167-A-1210-A-814-A-858-A01-902-A01-905-A-946-C40-949-A01-987-A-988-A01-989-C40-991-C40-992-A00-993-B011121-994-A01-995-B-,10,29,56863
2,17,20,1.0,0.9090909090909091,0.2170055592430348,0.0,0.625,0.7222222222222222,0.3157894736842105,0.23684210526315788,0.17213259316477408,4,0.2222222222222222,0.8947368421052632,0.88,0.4,0.47058823529411764,0.5555555555555556,0.88,0.56,0.5882352941176471,0.6666666666666666,0.18181818181818182,0.3333333333333333,0.29770992366412213,20|1034-C40-1078-A01-1122-A01-1166-A01-1210-A01-1254-A-856-A-857-A01-858-B1121-859-A-902-A00-943-A-946-C40-987-B21-988-A01-989-C41-991-C40-992-A01-993-A01-994-A01-995-A01-996-A01-997-A-,10,29,56864
0,19,20,1.0,0.9230769230769231,0.10078180081645664,0.0,1.0,0.8333333333333334,0.3157894736842105,0.25,0.12765694770084507,4,0.0,1.0,0.96,0.88,0.875,0.9333333333333333,0.96,0.88,0.875,0.9333333333333333,0.1282051282051282,1.0,0.2154696132596685,20|1034-C40-1078-A01-1122-A01-1166-A01-1210-A01-1254-A01-1298-A-770-A-814-A01-858-A01-902-A01-946-C40-985-A-986-A01-987-A01-988-A01-989-C40-991-C40-992-A01-993-A01-994-A01-995-A01-996-A-,10,29,56865
4,15,20,1.0,0.8181818181818182,0.13589415249850587,0.0,0.5833333333333334,0.5,0.2631578947368421,0.21052631578947367,0.10886621079036347,4,0.2222222222222222,0.7894736842105263,0.56,0.4,0.5263157894736842,0.47058823529411764,0.72,0.64,0.631578947368421,0.5882352941176471,0.20202020202020202,0.2,0.3277310924369748,20|1031-A-1034-C40-1038-A-1078-A01-1122-A01-1166-A00-1209-A-1210-B0121-1254-A-814-A-856-A-857-A01-858-B0121-902-A00-946-C40-987-B21-988-A00-989-C40-991-C40-992-A01-993-A01-994-B0121-995-A-,10,29,56866
0,19,20,1.0,0.9230769230769231,0.10078180081645664,0.0,1.0,0.8333333333333334,0.3157894736842105,0.25,0.12765694770084507,4,0.0,1.0,0.96,0.88,0.875,0.9333333333333333,0.96,0.88,0.875,0.9333333333333333,0.1282051282051282,1.0,0.2154696132596685,20|1034-C40-1078-A01-1122-A01-1166-A01-1210-A01-1254-A01-1298-A-770-A-814-A01-858-A01-902-A01-946-C40-985-A-986-A01-987-A01-988-A01-989-C40-991-C40-992-A01-993-A01-994-A01-995-A01-996-A-,10,29,56867
0,19,20,1.0,0.9230769230769231,0.10078180081645664,0.0,1.0,0.8333333333333334,0.3157894736842105,0.25,0.12765694770084507,4,0.0,1.0,0.96,0.88,0.875,0.9333333333333333,0.96,0.88,0.875,0.9333333333333333,0.1282051282051282,1.0,0.2154696132596685,20|1034-C40-1078-A01-1122-A01-1166-A01-1210-A01-1254-A01-1298-A-770-A-814-A01-858-A01-902-A01-946-C40-985-A-986-A01-987-A01-988-A01-989-C40-991-C40-992-A01-993-A01-994-A01-995-A01-996-A-,10,29,56868
0,19,20,1.0,0.9230769230769231,0.10078180081645664,0.0,1.0,0.8333333333333334,0.3157894736842105,0.25,0.12765694770084507,4,0.0,1.0,0.96,0.88,0.875,0.9333333333333333,0.96,0.88,0.875,0.9333333333333333,0.1282051282051282,1.0,0.2154696132596685,20|1034-C40-1078-A01-1122-A01-1166-A01-1210-A01-1254-A01-1298-A-770-A-814-A01-858-A01-902-A01-946-C40-985-A-986-A01-987-A01-988-A01-989-C40-991-C40-992-A01-993-A01-994-A01-995-A01-996-A-,10,29,56869
0,19,20,1.0,0.9230769230769231,0.10078180081645664,0.0,1.0,0.8333333333333334,0.3157894736842105,0.25,0.12765694770084507,4,0.0,1.0,0.96,0.88,0.875,0.9333333333333333,0.96,0.88,0.875,0.9333333333333333,0.1282051282051282,1.0,0.2154696132596685,20|1034-C40-1078-A01-1122-A01-1166-A01-1210-A01-1254-A01-1298-A-770-A-814-A01-858-A01-902-A01-946-C40-985-A-986-A01-987-A01-988-A01-989-C40-991-C40-992-A01-993-A01-994-A01-995-A01-996-A-,10,29,56870
5,14,20,1.0,0.9,0.10078180081645664,0.25,0.42857142857142855,0.6666666666666666,0.2631578947368421,0.2236842105263158,0.12765694770084507,4,0.2222222222222222,0.7368421052631579,0.48,0.64,0.631578947368421,0.4444444444444444,0.72,0.72,0.7368421052631579,0.5555555555555556,0.2222222222222222,0.3333333333333333,0.3577981651376147,20|1031-A-1034-C40-1038-A01-1078-A01-1082-B-1122-A00-1166-A01-1209-A-1210-B21-814-B21-815-A-858-A01-902-A01-946-C40-950-A-987-B21-988-A00-989-C40-991-C40-992-A01-993-A01-994-B011121-995-A-,10,29,56871
6,13,20,1.0,1.0,0.0607737125462764,0.6,0.5,0.5555555555555556,0.2631578947368421,0.19736842105263158,0.12765694770084507,4,0.0,0.6842105263157895,0.64,0.56,0.6666666666666666,0.6666666666666666,0.8,0.72,0.6666666666666666,0.7777777777777778,0.2,0.3333333333333333,0.325,20|1034-C40-1078-A01-1121-A-1122-A01-1164-A-1165-B0121-1166-B001120-1167-A-1209-B-1210-B20-814-B-858-A01-902-A01-946-C40-986-A-987-A01-988-A01-989-C41-991-C40-992-A01-993-A01-994-A00-995-B-,10,29,56872
5,14,20,1.0,0.8333333333333334,0.08594700851870801,0.75,0.35714285714285715,0.7222222222222222,0.3157894736842105,0.23684210526315788,0.17213259316477408,4,0.1111111111111111,0.7368421052631579,0.72,0.72,0.7777777777777778,0.625,0.8,0.8,0.7777777777777778,0.75,0.16666666666666666,0.16666666666666666,0.2746478873239437,20|1034-C40-1039-A-1078-A01-1122-A01-1166-A00-1208-B-1209-A01-1210-B0121-1254-A-770-B-814-A00-858-A01-902-A01-946-C40-986-B-987-A01-988-A01-989-C40-991-C40-992-A01-993-A01-994-A00-995-B21-,10,29,56873
0,12,13,0.65,1.0,0.0,0.0,1.0,0.7272727272727273,0.25,0.25,0.0,4,0.0,1.0,1.0,1.0,1.0,1.0,1.0,1.0,1.0,1.0,0.16049382716049382,1.0,0.31313131313131315,13|345-A-375-A01-405-A01-435-C40-461-A-462-A01-463-A01-464-C40-466-C40-467-A01-468-A01-469-A-495-C40-525-A01-555-A01-585-A-,10,29,56874
1,18,20,1.0,0.9230769230769231,0.10078180081645664,1.0,0.6666666666666666,0.8333333333333334,0.3157894736842105,0.25,0.12765694770084507,4,0.0,0.9473684210526316,0.88,0.88,0.875,0.9333333333333333,0.96,0.88,0.875,0.9333333333333333,0.1282051282051282,0.5,0.2154696132596685,20|1034-C40-1078-A01-1122-A01-1166-A01-1210-A01-1254-A01-1298-A-770-A-814-A01-858-A01-902-A01-946-C40-985-A-986-A01-987-A01-988-A01-989-C41-991-C40-992-A01-993-A01-994-A01-995-A01-996-B-,10,29,56875
5,14,20,1.0,0.9090909090909091,0.10078180081645664,0.5,0.5,0.5555555555555556,0.2631578947368421,0.19736842105263158,0.12765694770084507,4,0.1111111111111111,0.7368421052631579,0.56,0.48,0.8888888888888888,0.5882352941176471,0.8,0.72,0.8888888888888888,0.7058823529411765,0.18181818181818182,0.3333333333333333,0.29770992366412213,20|1034-C40-1037-B21-1038-A-1078-A01-1122-A01-1166-A01-1210-A01-1254-A-814-A-858-A01-902-A01-946-C40-949-B-950-A-986-B-987-A00-988-A01-989-C41-991-C40-992-A00-993-B001020-994-B0121-995-A-,10,29,56876
0,19,20,1.0,0.9230769230769231,0.10078180081645664,0.0,1.0,0.8333333333333334,0.3157894736842105,0.25,0.12765694770084507,4,0.0,1.0,0.96,0.88,0.875,0.9333333333333333,0.96,0.88,0.875,0.9333333333333333,0.1282051282051282,1.0,0.2154696132596685,20|1034-C40-1078-A00-1122-A00-1166-A00-1210-A00-1254-A00-1298-A-770-A-814-A00-858-A00-902-A00-946-C40-985-A-986-A00-987-A00-988-A00-989-C40-991-C40-992-A00-993-A00-994-A00-995-A00-996-A-,10,29,56877
6,13,20,1.0,0.9090909090909091,0.10078180081645664,0.6,0.5,0.5555555555555556,0.2631578947368421,0.19736842105263158,0.12765694770084507,4,0.1111111111111111,0.6842105263157895,0.48,0.48,0.7777777777777778,0.5882352941176471,0.8,0.72,0.7777777777777778,0.7058823529411765,0.18181818181818182,0.3333333333333333,0.29770992366412213,20|1034-C40-1037-B-1078-A01-1122-A01-1166-A01-1210-A01-1254-A-814-A-858-A01-902-A01-905-A-946-C40-948-A-949-B0121-986-B-987-A01-988-A01-989-C40-991-C40-992-A00-993-B001020-994-B00-995-B-,10,29,56878
4,15,20,1.0,0.75,0.17977106606946666,0.25,0.4166666666666667,0.7222222222222222,0.3157894736842105,0.23684210526315788,0.17213259316477408,4,0.1111111111111111,0.7894736842105263,0.56,0.56,0.5263157894736842,0.5,0.72,0.64,0.631578947368421,0.625,0.18518518518518517,0.2,0.3023255813953488,20|1034-C40-1038-A01-1078-A01-1082-A-1122-A01-1166-A01-1210-A01-1254-A00-1298-B-814-B21-815-A-858-A01-902-A01-943-A-946-C40-987-B21-988-A01-989-C41-991-C40-992-A01-993-A01-994-B0121-995-A-,10,29,56879
10,9,20,1.0,0.9,0.10078180081645664,0.75,0.5714285714285714,0.4444444444444444,0.2631578947368421,0.18421052631578946,0.17213259316477408,4,0.0,0.4736842105263158,0.8,0.64,0.631578947368421,0.6666666666666666,0.8,0.64,0.631578947368421,0.6666666666666666,0.2222222222222222,0.3333333333333333,0.3577981651376147,20|1034-C40-1038-B-1078-A01-1121-B-1122-A01-1164-B-1165-B0020-1166-B001020-1167-B-1209-A-1210-B21-814-B-858-A01-902-A01-946-C40-987-A-988-A01-989-C40-991-C40-992-A01-993-A01-994-B0020-995-B-,10,29,56880
12,7,20,1.0,0.8888888888888888,0.10078180081645664,0.6666666666666666,0.5714285714285714,0.4444444444444444,0.2631578947368421,0.18421052631578946,0.17213259316477408,4,0.4444444444444444,0.368421052631579,0.5833333333333334,0.56,0.631578947368421,0.6,0.75,0.56,0.631578947368421,0.6,0.2777777777777778,0.3333333333333333,0.43820224719101125,20|1034-C40-1078-A00-1079-B-1121-B-1122-B001020-1123-B0020-1124-B00-1125-B-1166-B20-1167-B-857-B-858-B20-902-A00-946-C40-949-A-987-B-988-A00-989-C40-991-C40-992-A00-993-B0121-994-A00-995-A-,10,29,56881
0,19,20,1.0,0.9230769230769231,0.10078180081645664,0.0,1.0,0.8333333333333334,0.3157894736842105,0.25,0.12765694770084507,4,0.0,1.0,0.96,0.88,0.875,0.9333333333333333,0.96,0.88,0.875,0.9333333333333333,0.1282051282051282,1.0,0.2154696132596685,20|1034-C40-1078-A01-1122-A01-1166-A01-1210-A01-1254-A01-1298-A-770-A-814-A01-858-A01-902-A01-946-C40-985-A-986-A01-987-A01-988-A01-989-C40-991-C40-992-A01-993-A01-994-A01-995-A01-996-A-,10,29,56882
2,17,20,1.0,1.0,0.0607737125462764,0.5,0.625,0.7222222222222222,0.2631578947368421,0.23684210526315788,0.0769800358919501,4,0.0,0.8947368421052632,0.8,0.72,0.875,0.875,0.96,0.88,0.875,0.875,0.1388888888888889,0.3333333333333333,0.23214285714285715,20|1034-C40-1039-A-1078-A01-1122-A01-1166-A01-1210-A01-1254-A-770-A-814-A01-858-A01-902-A01-946-C40-985-B-986-A00-987-A01-988-A01-989-C40-991-C40-992-A01-993-A01-994-A00-995-B0121-996-A-,10,29,56883
0,19,20,1.0,0.9230769230769231,0.10078180081645664,0.0,1.0,0.8333333333333334,0.3157894736842105,0.25,0.12765694770084507,4,0.0,1.0,0.96,0.88,0.875,0.9333333333333333,0.96,0.88,0.875,0.9333333333333333,0.1282051282051282,1.0,0.2154696132596685,20|1034-C40-1078-A01-1122-A00-1166-A01-1210-A00-1254-A01-1298-A-770-A-814-A01-858-A00-902-A01-946-C40-985-A-986-A01-987-A00-988-A01-989-C40-991-C40-992-A01-993-A00-994-A01-995-A00-996-A-,10,29,56884
0,19,20,1.0,0.9230769230769231,0.10078180081645664,0.0,1.0,0.8333333333333334,0.3157894736842105,0.25,0.12765694770084507,4,0.0,1.0,0.96,0.88,0.875,0.9333333333333333,0.96,0.88,0.875,0.9333333333333333,0.1282051282051282,1.0,0.2154696132596685,20|1034-C40-1078-A01-1122-A01-1166-A01-1210-A01-1254-A01-1298-A-770-A-814-A01-858-A01-902-A01-946-C40-985-A-986-A01-987-A01-988-A01-989-C40-991-C40-992-A01-993-A01-994-A01-995-A01-996-A-,10,29,56885
0,19,20,1.0,0.9230769230769231,0.05263157894736842,0.0,1.0,0.8333333333333334,0.2631578947368421,0.25,0.06666666666666667,4,0.0,1.0,0.96,0.96,1.0,0.9333333333333333,0.96,0.96,1.0,0.9333333333333333,0.1282051282051282,1.0,0.2154696132596685,20|1034-C40-1078-A00-1122-A00-1166-A00-1210-A00-1254-A-726-A-770-A00-814-A00-858-A00-902-A00-946-C40-985-A-986-A00-987-A00-988-A00-989-C40-991-C40-992-A00-993-A00-994-A00-995-A00-996-A-,10,29,56886
0,19,20,1.0,0.9230769230769231,0.10078180081645664,0.0,1.0,0.8333333333333334,0.3157894736842105,0.25,0.12765694770084507,4,0.0,1.0,0.96,0.88,0.875,0.9333333333333333,0.96,0.88,0.875,0.9333333333333333,0.1282051282051282,1.0,0.2154696132596685,20|1034-C40-1078-A01-1122-A01-1166-A01-1210-A01-1254-A01-1298-A-770-A-814-A01-858-A01-902-A01-946-C40-985-A-986-A01-987-A01-988-A01-989-C40-991-C40-992-A01-993-A01-994-A01-995-A01-996-A-,10,29,56887
0,19,20,1.0,0.9230769230769231,0.10078180081645664,0.0,1.0,0.8333333333333334,0.3157894736842105,0.25,0.12765694770084507,4,0.0,1.0,0.96,0.88,0.875,0.9333333333333333,0.96,0.88,0.875,0.9333333333333333,0.1282051282051282,1.0,0.2154696132596685,20|1034-C40-1078-A01-1122-A01-1166-A01-1210-A01-1254-A01-1298-A-770-A-814-A01-858-A01-902-A01-946-C40-985-A-986-A01-987-A01-988-A01-989-C40-991-C40-992-A01-993-A01-994-A01-995-A01-996-A-,10,29,56888
3,16,20,1.0,0.9090909090909091,0.10078180081645664,0.3333333333333333,0.7,0.5555555555555556,0.2631578947368421,0.19736842105263158,0.12765694770084507,4,0.0,0.8421052631578947,0.8,0.64,0.8235294117647058,0.5555555555555556,0.88,0.72,0.8235294117647058,0.6666666666666666,0.18181818181818182,0.5,0.29770992366412213,20|1034-C40-1038-A01-1078-A01-1082-A-1122-A01-1165-A-1166-B0121-1210-A-814-B-858-A01-902-A01-946-C40-950-A-986-A-987-A01-988-A01-989-C41-991-C40-992-A01-993-A01-994-B011121-995-A01-996-A-,10,29,56889
0,19,20,1.0,0.9230769230769231,0.10078180081645664,0.0,1.0,0.8333333333333334,0.3157894736842105,0.25,0.12765694770084507,4,0.0,1.0,0.96,0.88,0.875,0.9333333333333333,0.96,0.88,0.875,0.9333333333333333,0.1282051282051282,1.0,0.2154696132596685,20|1034-C40-1078-A01-1122-A01-1166-A01-1210-A01-1254-A01-1298-A-770-A-814-A01-858-A01-902-A01-946-C40-985-A-986-A01-987-A01-988-A01-989-C40-991-C40-992-A01-993-A01-994-A01-995-A01-996-A-,10,29,56890
0,19,20,1.0,0.9230769230769231,0.10078180081645664,0.0,1.0,0.8333333333333334,0.3157894736842105,0.25,0.12765694770084507,4,0.0,1.0,0.96,0.88,0.875,0.9333333333333333,0.96,0.88,0.875,0.9333333333333333,0.1282051282051282,1.0,0.2154696132596685,20|1034-C40-1078-A01-1122-A00-1166-A01-1210-A01-1254-A00-1298-A-770-A-814-A01-858-A00-902-A01-946-C40-985-A-986-A01-987-A00-988-A01-989-C40-991-C40-992-A01-993-A00-994-A01-995-A01-996-A-,10,29,56891
0,19,20,1.0,0.9230769230769231,0.10078180081645664,0.0,1.0,0.8333333333333334,0.3157894736842105,0.25,0.12765694770084507,4,0.0,1.0,0.96,0.88,0.875,0.9333333333333333,0.96,0.88,0.875,0.9333333333333333,0.1282051282051282,1.0,0.2154696132596685,20|1034-C40-1078-A01-1122-A01-1166-A01-1210-A01-1254-A01-1298-A-770-A-814-A01-858-A01-902-A01-946-C40-985-A-986-A01-987-A01-988-A01-989-C40-991-C40-992-A01-993-A01-994-A01-995-A01-996-A-,10,29,56892
0,19,20,1.0,0.9230769230769231,0.05263157894736842,0.0,1.0,0.8333333333333334,0.2631578947368421,0.25,0.06666666666666667,4,0.0,1.0,0.96,0.96,1.0,0.9333333333333333,0.96,0.96,1.0,0.9333333333333333,0.1282051282051282,1.0,0.2154696132596685,20|1034-C40-1078-A00-1122-A00-1166-A00-1210-A00-1254-A-726-A-770-A00-814-A00-858-A00-902-A00-946-C40-985-A-986-A00-987-A00-988-A00-989-C40-991-C40-992-A00-993-A00-994-A00-995-A00-996-A-,10,29,56893
9,10,20,1.0,0.9,0.10078180081645664,0.7142857142857143,0.6428571428571429,0.3333333333333333,0.2631578947368421,0.18421052631578946,0.17213259316477408,4,0.1111111111111111,0.5263157894736842,0.64,0.56,0.631578947368421,0.5555555555555556,0.8,0.64,0.7368421052631579,0.6666666666666666,0.2222222222222222,0.3333333333333333,0.3577981651376147,20|1034-C40-1038-B-1078-A01-1121-B-1122-A01-1164-B-1165-B0020-1166-B011120-1167-A-1210-A-814-B-857-B-858-B0020-902-A00-946-C40-987-A-988-A01-989-C40-991-C40-992-A01-993-A01-994-B0120-995-A-,10,29,56894
0,19,20,1.0,0.9230769230769231,0.10078180081645664,0.0,1.0,0.8333333333333334,0.3157894736842105,0.25,0.12765694770084507,4,0.0,1.0,0.96,0.88,0.875,0.9333333333333333,0.96,0.88,0.875,0.9333333333333333,0.1282051282051282,1.0,0.2154696132596685,20|1034-C40-1078-A01-1122-A01-1166-A01-1210-A01-1254-A01-1298-A-770-A-814-A01-858-A01-902-A01-946-C40-985-A-986-A01-987-A01-988-A01-989-C40-991-C40-992-A01-993-A01-994-A01-995-A01-996-A-,10,29,56895
0,19,20,1.0,0.9230769230769231,0.10078180081645664,0.0,1.0,0.8333333333333334,0.3157894736842105,0.25,0.12765694770084507,4,0.0,1.0,0.96,0.88,0.875,0.9333333333333333,0.96,0.88,0.875,0.9333333333333333,0.1282051282051282,1.0,0.2154696132596685,20|1034-C40-1078-A01-1122-A01-1166-A01-1210-A01-1254-A01-1298-A-770-A-814-A01-858-A01-902-A01-946-C40-985-A-986-A01-987-A01-988-A01-989-C40-991-C40-992-A01-993-A01-994-A01-995-A01-996-A-,10,29,56896
0,19,20,1.0,0.9230769230769231,0.10078180081645664,0.0,1.0,0.8333333333333334,0.3157894736842105,0.25,0.12765694770084507,4,0.0,1.0,0.96,0.88,0.875,0.9333333333333333,0.96,0.88,0.875,0.9333333333333333,0.1282051282051282,1.0,0.2154696132596685,20|1034-C40-1078-A01-1122-A01-1166-A01-1210-A01-1254-A01-1298-A-770-A-814-A01-858-A01-902-A01-946-C40-985-A-986-A01-987-A01-988-A01-989-C40-991-C40-992-A01-993-A01-994-A01-995-A01-996-A-,10,29,56897
3,16,20,1.0,0.8333333333333334,0.08594700851870801,0.3333333333333333,0.5,0.7222222222222222,0.3157894736842105,0.23684210526315788,0.17213259316477408,4,0.0,0.8421052631578947,0.8,0.8,0.7777777777777778,0.75,0.8,0.8,0.7777777777777778,0.75,0.16666666666666666,0.25,0.2746478873239437,20|1034-C40-1039-A-1078-A01-1122-A01-1166-A00-1208-A-1209-A01-1210-B0121-1254-A-770-B-814-A00-858-A01-902-A01-946-C40-986-A-987-A01-988-A01-989-C40-991-C40-992-A01-993-A01-994-A00-995-B21-,10,29,56898
0,19,20,1.0,0.9230769230769231,0.10078180081645664,0.0,1.0,0.8333333333333334,0.3157894736842105,0.25,0.12765694770084507,4,0.0,1.0,0.96,0.88,0.875,0.9333333333333333,0.96,0.88,0.875,0.9333333333333333,0.1282051282051282,1.0,0.2154696132596685,20|1034-C40-1078-A01-1122-A01-1166-A01-1210-A01-1254-A01-1298-A-770-A-814-A01-858-A01-902-A01-946-C40-985-A-986-A01-987-A01-988-A01-989-C40-991-C40-992-A01-993-A01-994-A01-995-A01-996-A-,10,29,56899
0,19,20,1.0,0.9230769230769231,0.10078180081645664,0.0,1.0,0.8333333333333334,0.3157894736842105,0.25,0.12765694770084507,4,0.0,1.0,0.96,0.88,0.875,0.9333333333333333,0.96,0.88,0.875,0.9333333333333333,0.1282051282051282,1.0,0.2154696132596685,20|1034-C40-1078-A01-1122-A01-1166-A01-1210-A01-1254-A01-1298-A-770-A-814-A01-858-A01-902-A01-946-C40-985-A-986-A01-987-A01-988-A01-989-C40-991-C40-992-A01-993-A01-994-A01-995-A01-996-A-,10,29,56900
